0 1.84563 6.47167 0 0 0 0.611336 0.791371
1 1.59865 5.48953 0 0 0 -0.789305 0.614001
2 1.38768 4.49661 0 0 0 -0.791516 0.611149
3 1.15504 3.52191 0 0 0 -0.792204 0.610256
4 0.885892 2.53533 0 0 0 -0.789808 0.613355
5 0.634737 1.54974 0 0 0 -0.788308 0.61528
6 0.393401 0.585424 0 0 0 -0.788016 0.615655
7 0.16675 -0.349827 0 0 0 -0.785265 0.619159
8 -0.0353229 -1.33305 0 0 0 -0.784334 0.620339
9 -0.25453 -2.31812 0 0 0 -0.781478 0.623933
10 -0.473226 -3.3064 0 0 0 -0.78793 0.615764
11 -0.721531 -4.30928 0 0 0 -0.785186 0.61926
12 -0.95091 -5.30701 0 0 0 -0.789958 0.613162
13 -1.21309 -6.29107 0 0 0 -0.789088 0.61428
14 -1.45736 -7.25189 0 0 0 -0.788352 0.615224
15 -1.71472 -8.22778 0 0 0 -0.786148 0.618039
16 -1.93835 -9.20512 0 0 0 -0.786203 0.617969
17 -2.19243 -10.1658 0 0 0 -0.785744 0.618552
18 -2.44368 -11.1437 0 0 0 -0.782584 0.622544
19 -2.65041 -12.0857 0 0 0 -0.78316 0.621821
20 -2.88026 -13.0339 0 0 0 -0.788068 0.615588
21 -3.10834 -14.0137 0 0 0 -0.786053 0.618159
22 -3.31161 -14.9886 0 0 0 -0.786177 0.618002
23 -3.53062 -15.9704 0 0 0 -0.782482 0.622674
24 -3.75054 -16.9252 0 0 0 -0.784021 0.620734
25 -3.96067 -17.9155 0 0 0 -0.786487 0.617607
26 -4.18036 -18.8689 0 0 0 -0.78515 0.619305
27 -4.40853 -19.8311 0 0 0 -0.78691 0.617068
28 -4.67528 -20.7956 0 0 0 -0.785308 0.619106
29 -4.88749 -21.7676 0 0 0 -0.784248 0.620448
30 -5.14279 -22.7231 0 0 0 -0.784563 0.620049
31 -5.34389 -23.677 0 0 0 -0.781652 0.623715
32 -5.57915 -24.6619 0 0 0 -0.783764 0.621058
33 -5.81204 -25.6396 0 0 0 -0.783621 0.621239
34 -6.01334 -26.6027 0 0 0 -0.782025 0.623247
35 -6.2321 -27.6049 0 0 0 -0.783567 0.621308
36 -7.22952 -27.3519 0 0 0 0.993568 0.11324
37 -8.24946 -27.1407 0 0 0 0.99328 0.115739
38 -9.22976 -26.8963 0 0 0 0.993111 0.117178
39 -10.2086 -26.6568 0 0 0 0.992966 0.118399
40 -11.2012 -26.4405 0 0 0 0.992478 0.122425
41 -12.1556 -26.2168 0 0 0 0.992027 0.126029
42 -13.1354 -25.9521 0 0 0 0.99139 0.130941
43 -14.1137 -25.7087 0 0 0 0.992326 0.123646
44 -15.1019 -25.4429 0 0 0 0.992136 0.125163
45 -16.0834 -25.1973 0 0 0 0.99329 0.115648
46 -17.0476 -24.9792 0 0 0 0.993942 0.109903
47 -18.0432 -24.7523 0 0 0 0.99392 0.110105
48 -19.0492 -24.5477 0 0 0 0.993399 0.114706
49 -20.0598 -24.3378 0 0 0 0.992622 0.121254
50 -21.0264 -24.0971 0 0 0 0.992681 0.120765
51 -22.0237 -23.8604 0 0 0 0.992474 0.122458
52 -22.9904 -23.6428 0 0 0 0.992466 0.122523
53 -23.94 -23.3819 0 0 0 0.99277 0.120032
54 -24.8902 -23.142 0 0 0 0.99257 0.121675
55 -25.8612 -22.9414 0 0 0 0.993355 0.115091
56 -26.0928 -23.9309 0 0 0 -0.782329 0.622865
57 -26.3448 -24.8735 0 0 0 -0.788878 0.61455
58 -26.6125 -25.8517 0 0 0 -0.795909 0.605417
59 -26.8848 -26.8428 0 0 0 -0.793444 0.608644
60 -27.1588 -27.8137 0 0 0 -0.790671 0.612241
61 -27.4048 -28.7845 0 0 0 -0.785849 0.618418
62 -27.6039 -29.7678 0 0 0 -0.785647 0.618675
63 -27.8487 -30.7379 0 0 0 -0.785512 0.618846
64 -28.0616 -31.7141 0 0 0 -0.786095 0.618105
65 -28.2854 -32.6801 0 0 0 -0.787412 0.616427
66 -27.2967 -32.9239 0 0 0 -0.119962 0.992779
67 -26.3345 -33.1401 0 0 0 -0.111699 0.993742
68 -25.3143 -33.3324 0 0 0 -0.110582 0.993867
69 -24.3377 -33.5455 0 0 0 -0.113109 0.993583
70 -23.3235 -33.7702 0 0 0 -0.114689 0.993401
71 -23.5619 -34.7532 0 0 0 -0.786235 0.617928
72 -23.829 -35.7426 0 0 0 -0.786667 0.617378
73 -24.0507 -36.7083 0 0 0 -0.781156 0.624336
74 -24.2839 -37.7076 0 0 0 -0.777434 0.628964
75 -24.5086 -38.6756 0 0 0 -0.777817 0.62849
76 -23.5506 -38.8706 0 0 0 -0.102107 0.994773
77 -22.5791 -39.0805 0 0 0 -0.100528 0.994934
78 -21.5913 -39.2672 0 0 0 -0.108604 0.994085
79 -20.6086 -39.4911 0 0 0 -0.104862 0.994487
80 -19.6286 -39.6943 0 0 0 -0.109516 0.993985
81 -18.641 -39.9051 0 0 0 -0.10857 0.994089
82 -17.6691 -40.173 0 0 0 -0.11332 0.993559
83 -16.6411 -40.4037 0 0 0 -0.115058 0.993359
84 -15.6667 -40.5994 0 0 0 -0.120125 0.992759
85 -14.6843 -40.8447 0 0 0 -0.119584 0.992824
86 -13.7363 -41.0707 0 0 0 -0.117272 0.9931
87 -12.7502 -41.3232 0 0 0 -0.114662 0.993405
88 -11.7761 -41.5459 0 0 0 -0.11575 0.993278
89 -10.8288 -41.7396 0 0 0 -0.10841 0.994106
90 -9.8295 -41.9453 0 0 0 -0.104726 0.994501
91 -8.85705 -42.1434 0 0 0 -0.108466 0.9941
92 -7.86446 -42.3775 0 0 0 -0.109638 0.993972
93 -6.89469 -42.5744 0 0 0 -0.111433 0.993772
94 -5.91007 -42.7861 0 0 0 -0.104892 0.994484
95 -4.92303 -42.9762 0 0 0 -0.10585 0.994382
96 -3.94208 -43.1832 0 0 0 -0.100412 0.994946
97 -2.93597 -43.4087 0 0 0 -0.100697 0.994917
98 -1.94579 -43.6016 0 0 0 -0.0991127 0.995076
99 -0.992665 -43.7991 0 0 0 -0.103574 0.994622
100 -0.0286945 -43.9851 0 0 0 -0.106295 0.994335
101 0.962349 -44.1958 0 0 0 -0.108989 0.994043
102 1.93468 -44.3726 0 0 0 -0.112207 0.993685
103 2.90605 -44.5978 0 0 0 -0.11472 0.993398
104 3.87658 -44.7982 0 0 0 -0.120344 0.992732
105 4.86087 -45.0209 0 0 0 -0.128976 0.991648
106 5.83851 -45.2656 0 0 0 -0.131964 0.991255
107 6.84691 -45.5139 0 0 0 -0.137608 0.990487
108 7.79204 -45.7847 0 0 0 -0.132317 0.991207
109 8.73181 -46.0409 0 0 0 -0.131631 0.991299
110 9.68414 -46.3289 0 0 0 -0.131638 0.991298
111 10.6449 -46.6034 0 0 0 -0.125588 0.992082
112 11.628 -46.8829 0 0 0 -0.121562 0.992584
113 12.6189 -47.1296 0 0 0 -0.129784 0.991542
114 13.5973 -47.3943 0 0 0 -0.138148 0.990412
115 14.5435 -47.6368 0 0 0 -0.132701 0.991156
116 15.5163 -47.9063 0 0 0 -0.128941 0.991652
117 16.5159 -48.1613 0 0 0 -0.121609 0.992578
118 17.4874 -48.3421 0 0 0 -0.132018 0.991247
119 18.4184 -48.6087 0 0 0 -0.127158 0.991882
120 19.3936 -48.8629 0 0 0 -0.134022 0.990978
121 20.351 -49.1409 0 0 0 -0.127421 0.991849
122 21.3426 -49.3886 0 0 0 -0.130959 0.991388
123 22.3394 -49.6573 0 0 0 -0.129011 0.991643
124 23.3273 -49.917 0 0 0 -0.123552 0.992338
125 24.31 -50.196 0 0 0 -0.12137 0.992607
126 25.2586 -50.4493 0 0 0 -0.120811 0.992675
127 26.2189 -50.7001 0 0 0 -0.123001 0.992407
128 27.137 -50.9456 0 0 0 -0.123062 0.992399
129 28.0838 -51.1905 0 0 0 -0.134407 0.990926
130 29.0299 -51.4519 0 0 0 -0.127748 0.991807
131 29.98 -51.7361 0 0 0 -0.131586 0.991305
132 30.9508 -51.9685 0 0 0 -0.121145 0.992635
133 31.9253 -52.2188 0 0 0 -0.13193 0.991259
134 32.8671 -52.4863 0 0 0 -0.133225 0.991086
135 33.8204 -52.736 0 0 0 -0.128387 0.991724
136 34.8057 -52.9633 0 0 0 -0.11816 0.992995
137 35.761 -53.208 0 0 0 -0.115749 0.993278
138 36.735 -53.4015 0 0 0 -0.116309 0.993213
139 37.7226 -53.6572 0 0 0 -0.121648 0.992573
140 38.6905 -53.8982 0 0 0 -0.126004 0.99203
141 38.9409 -52.9276 0 0 0 0.618324 0.785923
142 39.1828 -51.9677 0 0 0 0.613912 0.789374
143 39.4143 -51.015 0 0 0 0.619313 0.785144
144 39.6613 -50.0524 0 0 0 0.616825 0.7871
145 39.8879 -49.0826 0 0 0 0.615914 0.787813
146 40.1158 -48.0941 0 0 0 0.614939 0.788575
147 40.3693 -47.1303 0 0 0 0.613912 0.789374
148 40.5979 -46.169 0 0 0 0.618635 0.785679
149 40.7983 -45.2155 0 0 0 0.624682 0.78088
150 41.0072 -44.2297 0 0 0 0.61941 0.785068
151 41.2631 -43.2562 0 0 0 0.619246 0.785197
152 41.538 -42.2739 0 0 0 0.614891 0.788612
153 41.7604 -41.2828 0 0 0 0.615111 0.78844
154 41.9912 -40.3147 0 0 0 0.612591 0.7904
155 42.2173 -39.3588 0 0 0 0.620986 0.783822
156 42.4253 -38.3886 0 0 0 0.616598 0.787278
157 42.6737 -37.4474 0 0 0 0.617651 0.786453
158 42.9417 -36.4499 0 0 0 0.620735 0.784021
159 43.1842 -35.5046 0 0 0 0.622212 0.782848
160 43.3899 -34.5319 0 0 0 0.622066 0.782965
161 43.6223 -33.5772 0 0 0 0.617657 0.786448
162 43.8485 -32.6277 0 0 0 0.614265 0.7891
163 44.0804 -31.6547 0 0 0 0.618977 0.785409
164 44.3283 -30.695 0 0 0 0.617383 0.786663
165 44.5804 -29.7321 0 0 0 0.613692 0.789546
166 44.8182 -28.7496 0 0 0 0.610166 0.792273
167 45.0264 -27.8035 0 0 0 0.612011 0.79085
168 45.2535 -26.7822 0 0 0 0.614977 0.788545
169 45.5062 -25.8085 0 0 0 0.617049 0.786925
170 45.7651 -24.8678 0 0 0 0.616022 0.787729
171 46.0191 -23.8946 0 0 0 0.619664 0.784867
172 46.2345 -22.9385 0 0 0 0.616185 0.787601
173 46.4396 -21.9705 0 0 0 0.622082 0.782952
174 46.6729 -21.0031 0 0 0 0.615804 0.787899
175 46.926 -20.0669 0 0 0 0.614533 0.788891
176 47.1723 -19.0789 0 0 0 0.615038 0.788497
177 47.4331 -18.1197 0 0 0 0.612675 0.790335
178 47.677 -17.1498 0 0 0 0.616793 0.787126
179 47.8859 -16.1261 0 0 0 0.614561 0.788869
180 48.1411 -15.1599 0 0 0 0.612321 0.790609
181 48.3883 -14.1801 0 0 0 0.605986 0.795475
182 48.6317 -13.2219 0 0 0 0.607176 0.794567
183 48.8955 -12.2443 0 0 0 0.61148 0.79126
184 49.139 -11.2474 0 0 0 0.611798 0.791014
185 49.3937 -10.2527 0 0 0 0.61512 0.788434
186 49.6518 -9.26548 0 0 0 0.61115 0.791515
187 49.8946 -8.29593 0 0 0 0.616824 0.787101
188 50.1356 -7.303 0 0 0 0.619452 0.785034
189 50.3926 -6.36094 0 0 0 0.621624 0.783316
190 50.5823 -5.38238 0 0 0 0.627099 0.77894
191 50.8128 -4.3968 0 0 0 0.627503 0.778614
192 50.9994 -3.40553 0 0 0 0.627634 0.778508
193 51.2212 -2.44201 0 0 0 0.62804 0.778181
194 51.3926 -1.5028 0 0 0 0.623273 0.782004
195 51.612 -0.525779 0 0 0 0.62197 0.783041
196 51.8316 0.456849 0 0 0 0.620882 0.783904
197 52.06 1.40967 0 0 0 0.62335 0.781943
198 52.2951 2.38728 0 0 0 0.616797 0.787123
199 52.5521 3.35752 0 0 0 0.616998 0.786965
200 52.8291 4.32265 0 0 0 0.62105 0.783771
201 53.068 5.31364 0 0 0 0.627154 0.778896
202 53.2753 6.29279 0 0 0 0.629545 0.776964
203 53.4777 7.29574 0 0 0 0.63084 0.775913
204 53.6419 8.28843 0 0 0 0.63366 0.773612
205 53.834 9.27082 0 0 0 0.626291 0.779589
206 54.08 10.254 0 0 0 0.626302 0.77958
207 54.3311 11.2215 0 0 0 0.630119 0.776498
208 54.5512 12.1725 0 0 0 0.630796 0.775949
209 54.7498 13.1549 0 0 0 0.628143 0.778098
210 54.9618 14.1196 0 0 0 0.628276 0.77799
211 55.1524 15.1241 0 0 0 0.62686 0.779132
212 55.3553 16.1025 0 0 0 0.627436 0.778668
213 55.5621 17.0413 0 0 0 0.632317 0.77471
214 55.7496 18.0457 0 0 0 0.626733 0.779234
215 55.9623 19.0106 0 0 0 0.625203 0.780462
216 56.945 18.7902 0 0 0 -0.109287 0.99401
217 57.943 18.5891 0 0 0 -0.109762 0.993958
218 58.9459 18.3988 0 0 0 -0.110846 0.993838
219 59.9464 18.1538 0 0 0 -0.113726 0.993512
220 60.9623 17.95 0 0 0 -0.113461 0.993542
221 60.7384 16.9944 0 0 0 -0.785657 0.618662
222 60.5297 16.0011 0 0 0 -0.782727 0.622365
223 60.3192 14.9857 0 0 0 -0.784471 0.620166
224 60.0795 14.0078 0 0 0 -0.779752 0.626088
225 59.8574 13.0323 0 0 0 -0.781558 0.623833
226 59.6445 12.0435 0 0 0 -0.779933 0.625863
227 59.4466 11.0845 0 0 0 -0.778921 0.627122
228 59.207 10.0908 0 0 0 -0.779046 0.626967
229 58.9991 9.16493 0 0 0 -0.781599 0.623781
230 58.7532 8.18755 0 0 0 -0.785504 0.618857
231 58.5247 7.25243 0 0 0 -0.7848 0.619749
232 58.302 6.26129 0 0 0 -0.784092 0.620644
233 58.0911 5.26087 0 0 0 -0.779649 0.626216
234 57.8556 4.28352 0 0 0 -0.778722 0.62737
235 57.6334 3.31868 0 0 0 -0.781946 0.623346
236 57.414 2.35904 0 0 0 -0.779775 0.62606
237 57.2036 1.41103 0 0 0 -0.782825 0.622242
238 56.9643 0.415097 0 0 0 -0.784919 0.619599
239 56.6901 -0.53469 0 0 0 -0.783298 0.621646
240 56.4624 -1.50168 0 0 0 -0.779768 0.626068
241 56.2345 -2.45299 0 0 0 -0.780072 0.625689
242 56.036 -3.42563 0 0 0 -0.775606 0.631218
243 55.7994 -4.43141 0 0 0 -0.77385 0.633369
244 55.5633 -5.41523 0 0 0 -0.774738 0.632282
245 55.389 -6.39348 0 0 0 -0.780298 0.625408
246 55.1733 -7.38809 0 0 0 -0.782906 0.62214
247 54.9777 -8.36736 0 0 0 -0.786592 0.617473
248 54.7629 -9.35513 0 0 0 -0.787448 0.616381
249 54.5443 -10.3426 0 0 0 -0.785252 0.619176
250 54.3052 -11.335 0 0 0 -0.786201 0.61797
251 54.0214 -12.2856 0 0 0 -0.787211 0.616684
252 53.7811 -13.2469 0 0 0 -0.786202 0.61797
253 53.4965 -14.2057 0 0 0 -0.787836 0.615885
254 53.2463 -15.2357 0 0 0 -0.786639 0.617414
255 53.0156 -16.2127 0 0 0 -0.785757 0.618535
256 52.8007 -17.169 0 0 0 -0.787796 0.615936
257 52.5654 -18.1182 0 0 0 -0.788165 0.615464
258 52.3178 -19.1288 0 0 0 -0.788872 0.614557
259 52.0697 -20.1145 0 0 0 -0.792119 0.610367
260 51.8056 -21.067 0 0 0 -0.788674 0.614811
261 51.5265 -22.056 0 0 0 -0.790437 0.612543
262 51.2721 -23.0521 0 0 0 -0.791542 0.611115
263 51.0042 -24.0107 0 0 0 -0.789863 0.613283
264 50.7828 -24.9292 0 0 0 -0.790035 0.613062
265 50.5278 -25.8989 0 0 0 -0.788303 0.615287
266 50.3346 -26.8754 0 0 0 -0.786198 0.617975
267 50.1084 -27.836 0 0 0 -0.780975 0.624562
268 49.8764 -28.8223 0 0 0 -0.783009 0.622011
269 49.6336 -29.7957 0 0 0 -0.783503 0.621388
270 49.4139 -30.7651 0 0 0 -0.780926 0.624624
271 48.4424 -30.573 0 0 0 0.993423 0.1145
272 47.4465 -30.3716 0 0 0 0.992837 0.119476
273 46.5072 -30.1126 0 0 0 0.993075 0.117483
274 45.5431 -29.8502 0 0 0 0.991968 0.126488
275 44.5501 -29.568 0 0 0 0.992226 0.124447
276 44.8284 -28.6036 0 0 0 0.61528 0.788309
277 45.1255 -27.6299 0 0 0 0.620484 0.784219
278 45.3431 -26.6498 0 0 0 0.625826 0.779962
279 45.5546 -25.6735 0 0 0 0.629661 0.77687
280 45.7778 -24.705 0 0 0 0.626204 0.779659
281 46.0062 -23.7469 0 0 0 0.627162 0.778889
282 46.2073 -22.775 0 0 0 0.622834 0.782354
283 46.4361 -21.8367 0 0 0 0.61865 0.785667
284 46.6808 -20.8756 0 0 0 0.617795 0.786339
285 46.8809 -19.9602 0 0 0 0.61645 0.787394
286 47.1236 -18.9597 0 0 0 0.618191 0.786028
287 47.3735 -17.9784 0 0 0 0.614519 0.788902
288 47.6241 -16.9455 0 0 0 0.61425 0.789111
289 47.8857 -15.9711 0 0 0 0.614411 0.788986
290 48.1052 -15.027 0 0 0 0.615959 0.787778
291 48.3531 -14.0191 0 0 0 0.61198 0.790873
292 48.6049 -13.0514 0 0 0 0.617178 0.786823
293 48.841 -12.1055 0 0 0 0.613799 0.789462
294 49.1178 -11.1491 0 0 0 0.613388 0.789782
295 49.3161 -10.1863 0 0 0 0.620105 0.784519
296 49.5589 -9.22505 0 0 0 0.622296 0.782782
297 49.7741 -8.26574 0 0 0 0.621042 0.783777
298 50.0306 -7.27258 0 0 0 0.616328 0.787489
299 50.2529 -6.28423 0 0 0 0.621545 0.783378
300 50.4765 -5.31049 0 0 0 0.619686 0.78485
301 50.7218 -4.3497 0 0 0 0.616444 0.787399
302 50.9838 -3.37713 0 0 0 0.610966 0.791657
303 51.2241 -2.39927 0 0 0 0.608883 0.79326
304 51.4925 -1.42893 0 0 0 0.612075 0.7908
305 51.766 -0.472323 0 0 0 0.619529 0.784973
306 51.985 0.508566 0 0 0 0.626321 0.779566
307 52.1877 1.48549 0 0 0 0.633441 0.773791
308 52.4048 2.48379 0 0 0 0.626915 0.779088
309 52.628 3.42658 0 0 0 0.628425 0.77787
310 52.8251 4.41325 0 0 0 0.623884 0.781517
311 53.0339 5.33521 0 0 0 0.623399 0.781904
312 53.2939 6.31292 0 0 0 0.621741 0.783223
313 53.5269 7.29015 0 0 0 0.620853 0.783927
314 53.7574 8.25189 0 0 0 0.62452 0.781009
315 53.9717 9.22326 0 0 0 0.619255 0.78519
316 54.9241 8.99019 0 0 0 -0.112262 0.993679
317 55.9223 8.77083 0 0 0 -0.113243 0.993567
318 56.8718 8.56469 0 0 0 -0.111201 0.993798
319 57.8625 8.32349 0 0 0 -0.116738 0.993163
320 58.807 8.09094 0 0 0 -0.111021 0.993818
321 58.597 7.12131 0 0 0 -0.780269 0.625444
322 58.367 6.10683 0 0 0 -0.781084 0.624427
323 58.1793 5.08783 0 0 0 -0.779151 0.626837
324 57.9505 4.11743 0 0 0 -0.780323 0.625377
325 57.6912 3.17109 0 0 0 -0.779355 0.626582
326 57.4831 2.18298 0 0 0 -0.777437 0.628961
327 57.2563 1.17878 0 0 0 -0.778484 0.627664
328 57.088 0.23536 0 0 0 -0.7764 0.630241
329 56.87 -0.738325 0 0 0 -0.777298 0.629133
330 56.6515 -1.7152 0 0 0 -0.779012 0.627009
331 56.4137 -2.67605 0 0 0 -0.779267 0.626693
332 56.226 -3.63823 0 0 0 -0.780748 0.624846
333 56.0324 -4.60455 0 0 0 -0.780882 0.624678
334 55.8671 -5.58603 0 0 0 -0.780181 0.625553
335 55.6565 -6.52802 0 0 0 -0.785589 0.618748
336 55.4663 -7.53243 0 0 0 -0.787587 0.616204
337 55.2145 -8.51273 0 0 0 -0.792422 0.609973
338 54.9311 -9.4661 0 0 0 -0.792443 0.609946
339 54.6592 -10.4492 0 0 0 -0.792199 0.610263
340 54.3597 -11.4766 0 0 0 -0.792573 0.609776
341 53.4018 -11.2685 0 0 0 0.990455 0.13784
342 52.4627 -11.0023 0 0 0 0.99164 0.129032
343 51.5066 -10.7323 0 0 0 0.992605 0.12139
344 50.5619 -10.5323 0 0 0 0.991981 0.126387
345 49.5795 -10.2818 0 0 0 0.992589 0.121521
346 49.3162 -11.2459 0 0 0 -0.787088 0.616841
347 49.084 -12.2048 0 0 0 -0.791828 0.610745
348 48.8244 -13.1528 0 0 0 -0.796309 0.60489
349 48.5362 -14.1253 0 0 0 -0.796502 0.604636
350 48.2412 -15.0906 0 0 0 -0.800274 0.599635
351 47.9368 -16.0591 0 0 0 -0.801424 0.598097
352 47.6756 -17.0038 0 0 0 -0.797301 0.603582
353 47.4247 -17.9673 0 0 0 -0.793128 0.609055
354 47.1698 -18.9358 0 0 0 -0.788341 0.615238
355 46.926 -19.8775 0 0 0 -0.786776 0.617239
356 46.6974 -20.8569 0 0 0 -0.786128 0.618063
357 46.4553 -21.8213 0 0 0 -0.782017 0.623257
358 46.2273 -22.7846 0 0 0 -0.786587 0.617479
359 45.9822 -23.7348 0 0 0 -0.787488 0.61633
360 45.719 -24.7186 0 0 0 -0.783342 0.621591
361 45.4963 -25.7241 0 0 0 -0.783423 0.621489
362 45.2613 -26.7316 0 0 0 -0.783555 0.621323
363 45.0333 -27.7018 0 0 0 -0.786184 0.617993
364 44.7762 -28.6542 0 0 0 -0.790657 0.612259
365 44.5096 -29.6308 0 0 0 -0.786755 0.617266
366 43.5651 -29.4238 0 0 0 0.993427 0.114463
367 42.5927 -29.1852 0 0 0 0.99378 0.111359
368 41.6249 -28.9762 0 0 0 0.994133 0.108164
369 40.6589 -28.7576 0 0 0 0.993678 0.112271
370 39.7269 -28.5206 0 0 0 0.993191 0.116493
371 38.7545 -28.307 0 0 0 0.992351 0.123448
372 37.7877 -28.0571 0 0 0 0.993277 0.115761
373 36.8764 -27.8308 0 0 0 0.993278 0.115752
374 35.9208 -27.5938 0 0 0 0.992543 0.121894
375 34.9647 -27.3477 0 0 0 0.992792 0.119852
376 33.9483 -27.0704 0 0 0 0.992496 0.122278
377 32.9771 -26.7762 0 0 0 0.992418 0.12291
378 31.9901 -26.5205 0 0 0 0.992165 0.124937
379 31.0202 -26.2834 0 0 0 0.993112 0.117169
380 30.0445 -26.074 0 0 0 0.993316 0.115423
381 29.0372 -25.8488 0 0 0 0.99285 0.119366
382 28.0967 -25.5952 0 0 0 0.993187 0.116528
383 27.1608 -25.3602 0 0 0 0.993118 0.117118
384 26.1956 -25.1366 0 0 0 0.993314 0.115448
385 25.2251 -24.9141 0 0 0 0.9936 0.112955
386 24.2519 -24.7137 0 0 0 0.993717 0.111918
387 23.2687 -24.4985 0 0 0 0.993558 0.113329
388 22.3013 -24.255 0 0 0 0.993554 0.113361
389 21.3318 -24.0237 0 0 0 0.993036 0.117811
390 20.3293 -23.8014 0 0 0 0.992946 0.11857
391 20.5868 -22.8373 0 0 0 0.617583 0.786506
392 20.8234 -21.8735 0 0 0 0.614835 0.788656
393 21.0491 -20.8766 0 0 0 0.614939 0.788575
394 21.2648 -19.8727 0 0 0 0.614949 0.788567
395 21.5403 -18.8875 0 0 0 0.616677 0.787216
396 20.5612 -18.6669 0 0 0 0.99331 0.115477
397 19.5789 -18.4508 0 0 0 0.994208 0.10747
398 18.5961 -18.2168 0 0 0 0.993239 0.116086
399 17.6058 -17.9661 0 0 0 0.994051 0.108915
400 16.6435 -17.7319 0 0 0 0.993035 0.117822
401 15.6799 -17.5 0 0 0 0.992583 0.121569
402 14.6916 -17.2673 0 0 0 0.992315 0.123739
403 13.7161 -17.036 0 0 0 0.992789 0.119877
404 12.7362 -16.8026 0 0 0 0.992733 0.120339
405 11.7462 -16.61 0 0 0 0.993103 0.117245
406 10.8029 -16.382 0 0 0 0.993449 0.114275
407 9.82567 -16.1536 0 0 0 0.994344 0.106207
408 8.84926 -15.9306 0 0 0 0.99384 0.110824
409 7.86307 -15.7066 0 0 0 0.992753 0.120169
410 6.90153 -15.4465 0 0 0 0.993501 0.113824
411 7.11633 -14.4788 0 0 0 0.619083 0.785325
412 7.3396 -13.4732 0 0 0 0.621369 0.783518
413 7.56355 -12.474 0 0 0 0.62191 0.783089
414 7.79123 -11.51 0 0 0 0.625623 0.780126
415 7.9818 -10.521 0 0 0 0.623828 0.781562
416 8.18968 -9.55895 0 0 0 0.621411 0.783485
417 8.41361 -8.58918 0 0 0 0.619367 0.785101
418 8.64237 -7.62126 0 0 0 0.618633 0.78568
419 8.9396 -6.66917 0 0 0 0.61642 0.787418
420 9.17856 -5.70566 0 0 0 0.61802 0.786162
421 9.45923 -4.74503 0 0 0 0.617237 0.786778
422 9.66491 -3.76454 0 0 0 0.623165 0.78209
423 9.87088 -2.79822 0 0 0 0.619649 0.784879
424 10.1041 -1.82935 0 0 0 0.61192 0.79092
425 10.3641 -0.872678 0 0 0 0.613679 0.789556
426 10.6325 0.133092 0 0 0 0.614678 0.788778
427 10.8766 1.11325 0 0 0 0.613923 0.789366
428 11.1185 2.07038 0 0 0 0.614089 0.789237
429 11.3717 3.09671 0 0 0 0.615468 0.788162
430 11.6159 4.04863 0 0 0 0.618518 0.78577
431 11.8485 5.02519 0 0 0 0.625846 0.779947
432 12.058 6.01737 0 0 0 0.617271 0.786751
433 12.2692 7.0028 0 0 0 0.626694 0.779265
434 12.4922 7.96608 0 0 0 0.624233 0.781238
435 12.7302 8.91942 0 0 0 0.619947 0.784643
436 11.7685 9.14854 0 0 0 0.993813 0.111066
437 10.8029 9.36316 0 0 0 0.992643 0.121079
438 9.82771 9.58722 0 0 0 0.992396 0.123087
439 8.8505 9.84128 0 0 0 0.992966 0.118397
440 7.89308 10.0502 0 0 0 0.993043 0.117749
441 7.65436 9.06762 0 0 0 -0.782547 0.622592
442 7.45184 8.11163 0 0 0 -0.778369 0.627807
443 7.2612 7.17417 0 0 0 -0.784823 0.61972
444 7.01185 6.21355 0 0 0 -0.788655 0.614836
445 6.76133 5.26456 0 0 0 -0.788417 0.615142
446 6.50031 4.28218 0 0 0 -0.784998 0.619499
447 6.26059 3.28748 0 0 0 -0.789346 0.613948
448 5.99928 2.29436 0 0 0 -0.786042 0.618173
449 5.77461 1.32106 0 0 0 -0.788783 0.614672
450 5.58398 0.353235 0 0 0 -0.78825 0.615356
451 5.32421 -0.62618 0 0 0 -0.791116 0.611666
452 5.09887 -1.57253 0 0 0 -0.787211 0.616684
453 4.83319 -2.57704 0 0 0 -0.785616 0.618714
454 4.55903 -3.51576 0 0 0 -0.786463 0.617637
455 4.36285 -4.46852 0 0 0 -0.786682 0.617359
456 4.13351 -5.469 0 0 0 -0.786812 0.617192
457 3.89913 -6.45598 0 0 0 -0.786515 0.617572
458 3.64913 -7.42307 0 0 0 -0.786249 0.61791
459 3.4068 -8.39913 0 0 0 -0.787908 0.615793
460 3.19997 -9.39288 0 0 0 -0.788494 0.615043
461 2.94271 -10.3631 0 0 0 -0.787624 0.616156
462 2.6849 -11.3376 0 0 0 -0.782794 0.622281
463 2.47324 -12.3293 0 0 0 -0.786247 0.617912
464 2.25934 -13.2917 0 0 0 -0.783168 0.621811
465 2.03057 -14.2578 0 0 0 -0.787094 0.616833
466 1.05769 -14.0269 0 0 0 0.992622 0.121251
467 0.0839225 -13.799 0 0 0 0.99234 0.123541
468 -0.897341 -13.576 0 0 0 0.992135 0.125175
469 -1.86386 -13.3325 0 0 0 0.991684 0.128693
470 -2.86094 -13.0969 0 0 0 0.992445 0.122688
471 -3.80772 -12.8301 0 0 0 0.992497 0.122271
472 -4.78132 -12.5868 0 0 0 0.992068 0.125699
473 -5.74987 -12.3383 0 0 0 0.992041 0.125916
474 -6.74341 -12.0619 0 0 0 0.991969 0.126482
475 -7.70064 -11.7908 0 0 0 0.992628 0.121203
476 -8.66998 -11.5584 0 0 0 0.992289 0.123942
477 -9.63974 -11.3189 0 0 0 0.992386 0.123168
478 -10.5826 -11.0597 0 0 0 0.993121 0.117089
479 -11.5602 -10.8099 0 0 0 0.99335 0.115135
480 -12.4731 -10.6352 0 0 0 0.992925 0.118743
481 -13.4638 -10.4033 0 0 0 0.993333 0.115281
482 -14.4606 -10.182 0 0 0 0.992937 0.118639
483 -15.4095 -9.93337 0 0 0 0.992847 0.119396
484 -16.3944 -9.6941 0 0 0 0.992234 0.124382
485 -17.3771 -9.45018 0 0 0 0.991589 0.12943
486 -18.3446 -9.15072 0 0 0 0.992338 0.123556
487 -19.3394 -8.90041 0 0 0 0.993083 0.117415
488 -20.2895 -8.66678 0 0 0 0.993357 0.115076
489 -21.2572 -8.42958 0 0 0 0.993197 0.116448
490 -22.2407 -8.2195 0 0 0 0.994083 0.108627
491 -23.2265 -8.00629 0 0 0 0.993622 0.112763
492 -24.194 -7.77915 0 0 0 0.993412 0.114595
493 -25.1869 -7.56285 0 0 0 0.993764 0.111502
494 -26.1708 -7.33843 0 0 0 0.994157 0.107947
495 -27.1437 -7.1072 0 0 0 0.994337 0.10627
496 -28.1398 -6.88676 0 0 0 0.99426 0.106988
497 -29.1424 -6.6424 0 0 0 0.993729 0.111811
498 -30.1359 -6.44527 0 0 0 0.993655 0.112474
499 -31.1556 -6.22154 0 0 0 0.993687 0.112184
500 -32.1357 -6.01746 0 0 0 0.993438 0.114375
501 -33.0922 -5.79931 0 0 0 0.992588 0.121526
502 -34.0722 -5.57492 0 0 0 0.992072 0.125674
503 -35.0629 -5.32579 0 0 0 0.992697 0.120631
504 -36.056 -5.06658 0 0 0 0.99378 0.111365
505 -37.0153 -4.83519 0 0 0 0.992685 0.120733
506 -37.9791 -4.59144 0 0 0 0.992588 0.121525
507 -38.976 -4.34274 0 0 0 0.992562 0.121743
508 -39.9728 -4.08595 0 0 0 0.992856 0.119317
509 -40.9627 -3.83782 0 0 0 0.993133 0.116988
510 -41.9553 -3.60617 0 0 0 0.993108 0.117203
511 -42.9698 -3.36629 0 0 0 0.993792 0.111256
512 -43.965 -3.13625 0 0 0 0.993554 0.113358
513 -44.9091 -2.91791 0 0 0 0.993733 0.111778
514 -45.8889 -2.69725 0 0 0 0.993089 0.117368
515 -46.8607 -2.46163 0 0 0 0.992769 0.120038
516 -47.7886 -2.21107 0 0 0 0.99131 0.131547
517 -48.7505 -1.97102 0 0 0 0.990288 0.139028
518 -49.7004 -1.66826 0 0 0 0.990748 0.135713
519 -50.682 -1.38082 0 0 0 0.991709 0.128507
520 -51.6199 -1.11106 0 0 0 0.991665 0.128845
521 -51.8662 -2.08758 0 0 0 -0.788847 0.614589
522 -52.1311 -3.0611 0 0 0 -0.786183 0.617993
523 -52.3446 -4.02361 0 0 0 -0.783774 0.621046
524 -52.574 -5.00753 0 0 0 -0.787822 0.615903
525 -52.7949 -5.99507 0 0 0 -0.788116 0.615527
526 -53.0095 -6.93396 0 0 0 -0.782037 0.623232
527 -53.241 -7.90824 0 0 0 -0.782086 0.62317
528 -53.4679 -8.90813 0 0 0 -0.783128 0.621861
529 -53.71 -9.91789 0 0 0 -0.788143 0.615492
530 -53.9465 -10.9221 0 0 0 -0.791863 0.610699
531 -52.9767 -11.1676 0 0 0 -0.127698 0.991813
532 -52.0338 -11.4275 0 0 0 -0.140417 0.990092
533 -51.078 -11.6802 0 0 0 -0.13447 0.990918
534 -50.1246 -11.965 0 0 0 -0.126617 0.991952
535 -49.1278 -12.2012 0 0 0 -0.121159 0.992633
536 -48.1568 -12.4321 0 0 0 -0.124992 0.992158
537 -47.2052 -12.6697 0 0 0 -0.12418 0.99226
538 -46.2483 -12.8977 0 0 0 -0.121548 0.992586
539 -45.2701 -13.1503 0 0 0 -0.12662 0.991951
540 -44.3176 -13.3777 0 0 0 -0.120824 0.992674
541 -44.5562 -14.34 0 0 0 -0.783058 0.621948
542 -44.7746 -15.3553 0 0 0 -0.785326 0.619082
543 -45.0115 -16.3116 0 0 0 -0.789896 0.613241
544 -45.253 -17.2347 0 0 0 -0.786389 0.617732
545 -45.4859 -18.2204 0 0 0 -0.789092 0.614275
546 -45.7616 -19.1784 0 0 0 -0.790094 0.612986
547 -46.0187 -20.1714 0 0 0 -0.786658 0.617389
548 -46.2859 -21.14 0 0 0 -0.790219 0.612825
549 -46.5632 -22.1133 0 0 0 -0.792221 0.610235
550 -46.8226 -23.087 0 0 0 -0.791201 0.611557
551 -47.7644 -22.8135 0 0 0 0.992479 0.122417
552 -48.7346 -22.5806 0 0 0 0.992108 0.125388
553 -49.6942 -22.3293 0 0 0 0.99147 0.130334
554 -50.6409 -22.0664 0 0 0 0.992279 0.124027
555 -51.5914 -21.8414 0 0 0 0.992344 0.123503
556 -51.8189 -22.8046 0 0 0 -0.784392 0.620266
557 -52.0499 -23.7593 0 0 0 -0.782921 0.622121
558 -52.3224 -24.7065 0 0 0 -0.780735 0.624863
559 -52.5431 -25.6654 0 0 0 -0.780679 0.624932
560 -52.7517 -26.6368 0 0 0 -0.782936 0.622103
561 -52.9957 -27.5909 0 0 0 -0.786088 0.618115
562 -53.2108 -28.5542 0 0 0 -0.786087 0.618116
563 -53.4653 -29.577 0 0 0 -0.782865 0.622191
564 -53.6672 -30.5484 0 0 0 -0.782238 0.622979
565 -53.8685 -31.5075 0 0 0 -0.779458 0.626454
566 -52.9041 -31.7206 0 0 0 -0.108971 0.994045
567 -51.9188 -31.924 0 0 0 -0.108932 0.994049
568 -50.8846 -32.1572 0 0 0 -0.115495 0.993308
569 -49.9245 -32.3864 0 0 0 -0.118456 0.992959
570 -48.9448 -32.6415 0 0 0 -0.116809 0.993154
571 -47.9937 -32.8735 0 0 0 -0.113187 0.993574
572 -46.9981 -33.0869 0 0 0 -0.110736 0.99385
573 -46.0268 -33.3622 0 0 0 -0.114871 0.99338
574 -45.0558 -33.566 0 0 0 -0.125159 0.992137
575 -44.0737 -33.7761 0 0 0 -0.13008 0.991504
576 -43.1409 -34.0088 0 0 0 -0.136395 0.990654
577 -42.1847 -34.2799 0 0 0 -0.13918 0.990267
578 -41.204 -34.5533 0 0 0 -0.131623 0.9913
579 -40.2447 -34.805 0 0 0 -0.122682 0.992446
580 -39.2469 -35.0499 0 0 0 -0.118034 0.99301
581 -38.9782 -34.12 0 0 0 0.620236 0.784415
582 -38.745 -33.1767 0 0 0 0.617691 0.786421
583 -38.514 -32.2606 0 0 0 0.620711 0.784039
584 -38.2859 -31.3298 0 0 0 0.620554 0.784164
585 -38.0608 -30.3965 0 0 0 0.618183 0.786034
586 -37.7962 -29.4069 0 0 0 0.617651 0.786452
587 -37.5984 -28.4024 0 0 0 0.62079 0.783977
588 -37.3824 -27.405 0 0 0 0.618976 0.78541
589 -37.1588 -26.4275 0 0 0 0.622175 0.782878
590 -36.9253 -25.4859 0 0 0 0.621185 0.783664
591 -36.725 -24.5292 0 0 0 0.620311 0.784356
592 -36.5083 -23.5739 0 0 0 0.613785 0.789473
593 -36.2468 -22.6043 0 0 0 0.614529 0.788894
594 -35.9987 -21.6302 0 0 0 0.614296 0.789075
595 -35.7708 -20.628 0 0 0 0.616097 0.787671
596 -36.7247 -20.4066 0 0 0 0.992442 0.122715
597 -37.6567 -20.1716 0 0 0 0.992641 0.121094
598 -38.6226 -19.9132 0 0 0 0.993425 0.114483
599 -39.5977 -19.6552 0 0 0 0.993691 0.112151
600 -40.59 -19.4226 0 0 0 0.993208 0.116355
601 -41.5985 -19.1798 0 0 0 0.993298 0.115579
602 -42.6046 -18.9321 0 0 0 0.993358 0.115067
603 -43.6041 -18.7017 0 0 0 0.99305 0.117693
604 -44.5658 -18.4669 0 0 0 0.992653 0.120994
605 -45.5044 -18.1979 0 0 0 0.992643 0.121077
606 -46.4731 -17.9726 0 0 0 0.992672 0.12084
607 -47.4646 -17.7358 0 0 0 0.992932 0.118683
608 -48.4638 -17.4723 0 0 0 0.993073 0.117497
609 -49.4463 -17.2226 0 0 0 0.992315 0.12374
610 -50.4102 -16.973 0 0 0 0.99258 0.121595
611 -51.393 -16.7297 0 0 0 0.992667 0.120878
612 -52.3814 -16.4954 0 0 0 0.993529 0.113578
613 -53.3646 -16.2667 0 0 0 0.992935 0.118663
614 -54.2779 -16.0275 0 0 0 0.99255 0.121841
615 -55.2411 -15.7967 0 0 0 0.992713 0.120501
616 -55.4653 -16.7708 0 0 0 -0.788302 0.615289
617 -55.6788 -17.744 0 0 0 -0.789565 0.613667
618 -55.959 -18.7126 0 0 0 -0.788241 0.615366
619 -56.21 -19.6986 0 0 0 -0.789234 0.614093
620 -56.4662 -20.6915 0 0 0 -0.788349 0.615228
621 -56.6978 -21.7028 0 0 0 -0.785604 0.61873
622 -56.9272 -22.6782 0 0 0 -0.783093 0.621904
623 -57.1659 -23.6385 0 0 0 -0.78773 0.616021
624 -57.4169 -24.6378 0 0 0 -0.786026 0.618193
625 -57.6309 -25.6436 0 0 0 -0.787386 0.61646
626 -57.8469 -26.6 0 0 0 -0.78141 0.624018
627 -58.0788 -27.6221 0 0 0 -0.785368 0.619029
628 -58.281 -28.603 0 0 0 -0.783586 0.621283
629 -58.5139 -29.5517 0 0 0 -0.7832 0.62177
630 -58.7393 -30.5216 0 0 0 -0.785667 0.61865
631 -57.8024 -30.7535 0 0 0 -0.115884 0.993263
632 -56.8303 -30.9692 0 0 0 -0.113055 0.993589
633 -55.8606 -31.1794 0 0 0 -0.115564 0.9933
634 -54.901 -31.3947 0 0 0 -0.113065 0.993588
635 -53.9104 -31.6416 0 0 0 -0.10965 0.99397
636 -52.8861 -31.8464 0 0 0 -0.119432 0.992842
637 -51.974 -32.049 0 0 0 -0.11926 0.992863
638 -50.9961 -32.2384 0 0 0 -0.114095 0.99347
639 -50.0038 -32.4759 0 0 0 -0.121809 0.992554
640 -49.0289 -32.7155 0 0 0 -0.118139 0.992997
641 -48.0344 -32.9492 0 0 0 -0.120145 0.992756
642 -47.0411 -33.2198 0 0 0 -0.126068 0.992022
643 -46.0681 -33.5053 0 0 0 -0.121564 0.992584
644 -45.0997 -33.7526 0 0 0 -0.119637 0.992818
645 -44.0873 -34.0245 0 0 0 -0.119369 0.99285
646 -43.1137 -34.2862 0 0 0 -0.112228 0.993683
647 -42.1066 -34.5143 0 0 0 -0.119155 0.992876
648 -41.1357 -34.7529 0 0 0 -0.119154 0.992876
649 -40.1569 -34.9964 0 0 0 -0.11543 0.993316
650 -39.2088 -35.2202 0 0 0 -0.114949 0.993371
651 -38.2416 -35.4536 0 0 0 -0.113565 0.993531
652 -37.278 -35.6394 0 0 0 -0.109883 0.993944
653 -36.2525 -35.8444 0 0 0 -0.11894 0.992901
654 -35.2804 -36.0819 0 0 0 -0.119716 0.992808
655 -34.3262 -36.3041 0 0 0 -0.119666 0.992814
656 -33.3392 -36.534 0 0 0 -0.113757 0.993509
657 -32.3346 -36.7885 0 0 0 -0.111316 0.993785
658 -31.3542 -37.0051 0 0 0 -0.115507 0.993307
659 -30.4056 -37.2315 0 0 0 -0.1128 0.993618
660 -29.4371 -37.4657 0 0 0 -0.121004 0.992652
661 -28.4561 -37.7344 0 0 0 -0.118684 0.992932
662 -27.4694 -37.9651 0 0 0 -0.111611 0.993752
663 -26.5014 -38.1922 0 0 0 -0.105522 0.994417
664 -25.488 -38.3998 0 0 0 -0.113715 0.993513
665 -24.4967 -38.6193 0 0 0 -0.117242 0.993103
666 -23.555 -38.8455 0 0 0 -0.12236 0.992486
667 -22.5844 -39.0849 0 0 0 -0.119865 0.99279
668 -21.6132 -39.3385 0 0 0 -0.120219 0.992747
669 -20.6366 -39.5712 0 0 0 -0.126903 0.991915
670 -19.6873 -39.8191 0 0 0 -0.112231 0.993682
671 -18.728 -40.0554 0 0 0 -0.105395 0.99443
672 -17.7117 -40.2673 0 0 0 -0.107555 0.994199
673 -16.7418 -40.4659 0 0 0 -0.108962 0.994046
674 -15.7511 -40.6935 0 0 0 -0.11236 0.993668
675 -14.8068 -40.9392 0 0 0 -0.116283 0.993216
676 -13.8483 -41.1837 0 0 0 -0.116374 0.993205
677 -12.9129 -41.3948 0 0 0 -0.111863 0.993724
678 -11.9552 -41.6028 0 0 0 -0.118428 0.992963
679 -10.9858 -41.8622 0 0 0 -0.123891 0.992296
680 -10.0384 -42.0858 0 0 0 -0.123096 0.992395
681 -9.79147 -41.1171 0 0 0 0.612499 0.790471
682 -9.56826 -40.1432 0 0 0 0.611146 0.791518
683 -9.31485 -39.2026 0 0 0 0.608174 0.793804
684 -9.06082 -38.2552 0 0 0 0.612854 0.790196
685 -8.79816 -37.2811 0 0 0 0.612884 0.790173
686 -8.55384 -36.3158 0 0 0 0.607619 0.794229
687 -8.27629 -35.3618 0 0 0 0.609216 0.793005
688 -8.01285 -34.3854 0 0 0 0.607209 0.794542
689 -7.75866 -33.4271 0 0 0 0.613684 0.789552
690 -7.50827 -32.4665 0 0 0 0.617604 0.786489
691 -7.26667 -31.4846 0 0 0 0.619022 0.785374
692 -7.01265 -30.4991 0 0 0 0.620819 0.783954
693 -6.78606 -29.5291 0 0 0 0.619406 0.785071
694 -6.53864 -28.5598 0 0 0 0.620011 0.784593
695 -6.32259 -27.5725 0 0 0 0.622294 0.782784
696 -6.11017 -26.5864 0 0 0 0.618565 0.785734
697 -5.86105 -25.6087 0 0 0 0.6171 0.786885
698 -5.59358 -24.6349 0 0 0 0.616443 0.7874
699 -5.33142 -23.6983 0 0 0 0.615363 0.788244
700 -5.08885 -22.7377 0 0 0 0.620789 0.783978
701 -4.89065 -21.7524 0 0 0 0.619814 0.784748
702 -4.6644 -20.779 0 0 0 0.616398 0.787435
703 -4.41867 -19.7657 0 0 0 0.614355 0.78903
704 -4.17656 -18.7736 0 0 0 0.616252 0.787549
705 -3.96952 -17.7954 0 0 0 0.615628 0.788037
706 -3.71164 -16.8491 0 0 0 0.612942 0.790128
707 -3.47768 -15.897 0 0 0 0.615953 0.787783
708 -3.26191 -14.9134 0 0 0 0.617892 0.786263
709 -3.01086 -13.9345 0 0 0 0.618093 0.786105
710 -2.79502 -12.981 0 0 0 0.622502 0.782618
711 -2.55622 -12.0072 0 0 0 0.620548 0.784169
712 -2.29012 -11.0524 0 0 0 0.620634 0.7841
713 -2.0929 -10.0732 0 0 0 0.620128 0.784501
714 -1.90296 -9.13384 0 0 0 0.617365 0.786677
715 -1.67913 -8.17809 0 0 0 0.617851 0.786295
716 -0.742134 -8.45183 0 0 0 -0.119791 0.992799
717 0.209322 -8.70045 0 0 0 -0.119081 0.992884
718 1.17555 -8.93224 0 0 0 -0.127383 0.991854
719 2.10564 -9.16978 0 0 0 -0.123142 0.992389
720 3.09133 -9.4096 0 0 0 -0.121676 0.99257
721 4.08081 -9.64355 0 0 0 -0.118156 0.992995
722 5.03099 -9.91383 0 0 0 -0.114374 0.993438
723 6.03326 -10.1143 0 0 0 -0.11511 0.993353
724 7.03601 -10.3018 0 0 0 -0.112937 0.993602
725 8.03518 -10.5207 0 0 0 -0.112076 0.9937
726 9.00081 -10.7539 0 0 0 -0.115155 0.993348
727 9.96713 -11.0188 0 0 0 -0.107898 0.994162
728 10.946 -11.2461 0 0 0 -0.10348 0.994632
729 11.9284 -11.4542 0 0 0 -0.108079 0.994142
730 12.8991 -11.6339 0 0 0 -0.111735 0.993738
731 13.8501 -11.8757 0 0 0 -0.116393 0.993203
732 14.819 -12.1221 0 0 0 -0.115802 0.993272
733 15.7969 -12.3586 0 0 0 -0.120593 0.992702
734 16.79 -12.6117 0 0 0 -0.120461 0.992718
735 17.7495 -12.8559 0 0 0 -0.11649 0.993192
736 18.7428 -13.0902 0 0 0 -0.119565 0.992826
737 19.6961 -13.3197 0 0 0 -0.115365 0.993323
738 20.6878 -13.5303 0 0 0 -0.116867 0.993148
739 21.6671 -13.7521 0 0 0 -0.124609 0.992206
740 22.6305 -13.9994 0 0 0 -0.126372 0.991983
741 23.6167 -14.2266 0 0 0 -0.119142 0.992877
742 24.6132 -14.4891 0 0 0 -0.118311 0.992977
743 25.5802 -14.741 0 0 0 -0.106868 0.994273
744 26.5353 -14.9534 0 0 0 -0.106673 0.994294
745 27.506 -15.1527 0 0 0 -0.109115 0.994029
746 28.4394 -15.3866 0 0 0 -0.115819 0.99327
747 29.4099 -15.6064 0 0 0 -0.119547 0.992829
748 30.4004 -15.8466 0 0 0 -0.124505 0.992219
749 31.3393 -16.1447 0 0 0 -0.120653 0.992695
750 32.3209 -16.401 0 0 0 -0.114976 0.993368
751 33.3146 -16.6095 0 0 0 -0.113235 0.993568
752 34.2901 -16.8729 0 0 0 -0.11751 0.993072
753 35.2949 -17.0756 0 0 0 -0.124769 0.992186
754 36.2658 -17.3266 0 0 0 -0.126266 0.991996
755 37.2489 -17.5635 0 0 0 -0.124406 0.992231
756 38.194 -17.7758 0 0 0 -0.117523 0.99307
757 39.1659 -17.9911 0 0 0 -0.121043 0.992647
758 40.1552 -18.245 0 0 0 -0.114954 0.993371
759 41.1342 -18.4687 0 0 0 -0.1231 0.992394
760 42.0712 -18.6879 0 0 0 -0.120075 0.992765
761 43.0405 -18.9188 0 0 0 -0.123409 0.992356
762 44.0098 -19.1969 0 0 0 -0.116091 0.993239
763 44.9648 -19.4019 0 0 0 -0.113819 0.993502
764 45.9437 -19.6416 0 0 0 -0.117268 0.9931
765 46.917 -19.9016 0 0 0 -0.118089 0.993003
766 47.1731 -18.9315 0 0 0 0.617809 0.786328
767 47.4278 -17.9748 0 0 0 0.615653 0.788018
768 47.6879 -17.0208 0 0 0 0.618602 0.785705
769 47.9289 -16.0256 0 0 0 0.624426 0.781084
770 48.1234 -15.0801 0 0 0 0.62495 0.780665
771 48.3217 -14.1378 0 0 0 0.625185 0.780477
772 48.5636 -13.1498 0 0 0 0.629841 0.776724
773 48.7756 -12.1847 0 0 0 0.629921 0.776659
774 48.9694 -11.2058 0 0 0 0.632131 0.774861
775 49.1964 -10.2379 0 0 0 0.640057 0.768327
776 49.3448 -9.2498 0 0 0 0.647511 0.762056
777 49.5066 -8.23847 0 0 0 0.646496 0.762917
778 49.6936 -7.23782 0 0 0 0.648322 0.761366
779 49.8672 -6.21361 0 0 0 0.642714 0.766107
780 50.0445 -5.23679 0 0 0 0.642812 0.766024
781 50.2027 -4.24525 0 0 0 0.645298 0.763931
782 50.3771 -3.24622 0 0 0 0.642459 0.76632
783 50.5506 -2.26368 0 0 0 0.641027 0.767518
784 50.7347 -1.26294 0 0 0 0.641434 0.767179
785 50.9202 -0.250644 0 0 0 0.645192 0.764021
786 49.9656 -0.0548207 0 0 0 0.995985 0.089524
787 48.9695 0.120313 0 0 0 0.99592 0.0902386
788 47.986 0.3429 0 0 0 0.996234 0.0867054
789 47.0013 0.512773 0 0 0 0.994998 0.0998924
790 45.9848 0.715972 0 0 0 0.994923 0.100641
791 45.7754 -0.263828 0 0 0 -0.774622 0.632424
792 45.5635 -1.24286 0 0 0 -0.775026 0.63193
793 45.3448 -2.22232 0 0 0 -0.77284 0.634601
794 45.1783 -3.14866 0 0 0 -0.774784 0.632226
795 44.9913 -4.1357 0 0 0 -0.774736 0.632285
796 44.8021 -5.12663 0 0 0 -0.775988 0.630748
797 44.6355 -6.12909 0 0 0 -0.778501 0.627643
798 44.4342 -7.13624 0 0 0 -0.779269 0.626689
799 44.2689 -8.10202 0 0 0 -0.774472 0.632608
800 44.0638 -9.09669 0 0 0 -0.775421 0.631445
801 45.0509 -9.28382 0 0 0 -0.104181 0.994558
802 46.0509 -9.47139 0 0 0 -0.103242 0.994656
803 47.0293 -9.64583 0 0 0 -0.105187 0.994452
804 48.0011 -9.90518 0 0 0 -0.110208 0.993909
805 48.9568 -10.1044 0 0 0 -0.103111 0.99467
806 48.7427 -11.0581 0 0 0 -0.778475 0.627676
807 48.4809 -12.0475 0 0 0 -0.775283 0.631614
808 48.3014 -13.0257 0 0 0 -0.771817 0.635845
809 48.1167 -14.0055 0 0 0 -0.770951 0.636894
810 47.9295 -15.0059 0 0 0 -0.775737 0.631056
811 47.7701 -15.9729 0 0 0 -0.774425 0.632665
812 47.5917 -16.9463 0 0 0 -0.781406 0.624023
813 47.3807 -17.9425 0 0 0 -0.786887 0.617097
814 47.1242 -18.9088 0 0 0 -0.786959 0.617005
815 46.8716 -19.8991 0 0 0 -0.782935 0.622103
816 46.6333 -20.8873 0 0 0 -0.782509 0.62264
817 46.4001 -21.8611 0 0 0 -0.779189 0.626789
818 46.176 -22.8418 0 0 0 -0.78187 0.623441
819 45.9351 -23.8166 0 0 0 -0.781954 0.623336
820 45.6932 -24.7567 0 0 0 -0.786207 0.617963
821 46.6629 -25.0246 0 0 0 -0.125442 0.992101
822 47.6193 -25.2619 0 0 0 -0.12269 0.992445
823 48.5918 -25.4694 0 0 0 -0.118813 0.992917
824 49.5525 -25.6777 0 0 0 -0.117661 0.993054
825 50.5318 -25.9024 0 0 0 -0.126215 0.992003
826 50.7778 -24.9641 0 0 0 0.622152 0.782896
827 51.0159 -23.97 0 0 0 0.618681 0.785642
828 51.2638 -22.9933 0 0 0 0.616361 0.787464
829 51.5114 -22.0369 0 0 0 0.619002 0.785389
830 51.7675 -21.0876 0 0 0 0.621626 0.783314
831 52.0128 -20.0926 0 0 0 0.626273 0.779604
832 52.2456 -19.1156 0 0 0 0.627889 0.778303
833 52.4409 -18.1238 0 0 0 0.626372 0.779524
834 52.6494 -17.1326 0 0 0 0.62439 0.781113
835 52.901 -16.1779 0 0 0 0.623387 0.781913
836 53.158 -15.2181 0 0 0 0.621404 0.78349
837 53.3901 -14.2537 0 0 0 0.620894 0.783895
838 53.596 -13.2679 0 0 0 0.626862 0.77913
839 53.7874 -12.2729 0 0 0 0.627513 0.778606
840 53.987 -11.2869 0 0 0 0.630147 0.776476
841 54.2023 -10.2819 0 0 0 0.629511 0.776992
842 54.402 -9.28429 0 0 0 0.621334 0.783546
843 54.6617 -8.28543 0 0 0 0.620618 0.784113
844 54.8719 -7.31447 0 0 0 0.615563 0.788088
845 55.1218 -6.33106 0 0 0 0.608892 0.793253
846 54.1983 -6.06826 0 0 0 0.992357 0.123397
847 53.2176 -5.85237 0 0 0 0.993879 0.11047
848 52.2274 -5.62751 0 0 0 0.993168 0.116691
849 51.252 -5.38144 0 0 0 0.993427 0.114467
850 50.2512 -5.15076 0 0 0 0.994004 0.109344
851 49.2582 -4.92374 0 0 0 0.994273 0.106875
852 48.2696 -4.69897 0 0 0 0.995084 0.0990365
853 47.308 -4.52038 0 0 0 0.99508 0.0990778
854 46.3529 -4.34396 0 0 0 0.994553 0.104233
855 45.3399 -4.13162 0 0 0 0.994111 0.10837
856 44.376 -3.91657 0 0 0 0.99409 0.108559
857 43.4175 -3.68746 0 0 0 0.994674 0.103071
858 42.4873 -3.49928 0 0 0 0.993823 0.11098
859 41.5356 -3.26908 0 0 0 0.993437 0.114382
860 40.5779 -3.02859 0 0 0 0.993211 0.116328
861 39.6092 -2.77963 0 0 0 0.992553 0.121812
862 38.6486 -2.5155 0 0 0 0.992662 0.12092
863 37.6877 -2.26496 0 0 0 0.992877 0.119142
864 36.7182 -2.05445 0 0 0 0.991957 0.126579
865 35.7807 -1.82462 0 0 0 0.992565 0.121712
866 36.0393 -0.85684 0 0 0 0.617605 0.786488
867 36.321 0.116687 0 0 0 0.61946 0.785028
868 36.5775 1.08469 0 0 0 0.620286 0.784375
869 36.8071 2.06968 0 0 0 0.618875 0.78549
870 37.0393 3.04056 0 0 0 0.621946 0.78306
871 38.0037 2.81021 0 0 0 -0.115811 0.993271
872 38.9919 2.57128 0 0 0 -0.113396 0.99355
873 39.9966 2.33598 0 0 0 -0.114177 0.99346
874 40.9587 2.11159 0 0 0 -0.109405 0.993997
875 41.9277 1.90224 0 0 0 -0.117115 0.993118
876 42.8655 1.66122 0 0 0 -0.12019 0.992751
877 43.8224 1.40711 0 0 0 -0.121888 0.992544
878 44.8031 1.16909 0 0 0 -0.124968 0.992161
879 45.7556 0.924757 0 0 0 -0.122594 0.992457
880 46.7066 0.657784 0 0 0 -0.126947 0.99191
881 47.6852 0.398656 0 0 0 -0.131017 0.99138
882 48.6396 0.151388 0 0 0 -0.119753 0.992804
883 49.608 -0.115084 0 0 0 -0.117899 0.993026
884 50.5862 -0.330424 0 0 0 -0.115102 0.993354
885 51.5541 -0.567642 0 0 0 -0.107406 0.994215
886 51.7584 0.453867 0 0 0 0.628693 0.777654
887 51.9492 1.42765 0 0 0 0.626436 0.779473
888 52.1846 2.39123 0 0 0 0.62739 0.778705
889 52.4464 3.38477 0 0 0 0.626838 0.77915
890 52.6823 4.35084 0 0 0 0.622856 0.782336
891 52.9233 5.34614 0 0 0 0.621736 0.783227
892 53.147 6.33263 0 0 0 0.618762 0.785579
893 53.4189 7.29392 0 0 0 0.621241 0.783619
894 53.6795 8.27165 0 0 0 0.629574 0.776941
895 53.8848 9.25232 0 0 0 0.626512 0.779412
896 54.0987 10.1743 0 0 0 0.625234 0.780437
897 54.3213 11.1724 0 0 0 0.623307 0.781977
898 54.5632 12.1555 0 0 0 0.619756 0.784795
899 54.7813 13.1283 0 0 0 0.614509 0.78891
900 54.9999 14.0929 0 0 0 0.614048 0.789268
901 55.2622 15.0945 0 0 0 0.619615 0.784906
902 55.4504 16.1376 0 0 0 0.621161 0.783683
903 55.6799 17.1195 0 0 0 0.626111 0.779734
904 55.873 18.119 0 0 0 0.625476 0.780243
905 56.1129 19.1229 0 0 0 0.617671 0.786436
906 56.3575 20.0987 0 0 0 0.623769 0.781609
907 56.5723 21.0445 0 0 0 0.61478 0.788699
908 56.8091 21.9989 0 0 0 0.610488 0.792025
909 57.0584 22.9368 0 0 0 0.614522 0.7889
910 57.2274 23.8873 0 0 0 0.611533 0.791219
911 57.4887 24.8585 0 0 0 0.61312 0.78999
912 57.7434 25.8465 0 0 0 0.617277 0.786746
913 57.99 26.811 0 0 0 0.611797 0.791015
914 58.2573 27.74 0 0 0 0.610996 0.791634
915 58.5103 28.7225 0 0 0 0.60816 0.793815
916 58.759 29.6502 0 0 0 0.604338 0.796728
917 59.0557 30.6114 0 0 0 0.601697 0.798725
918 59.358 31.5762 0 0 0 0.60365 0.797249
919 59.6287 32.5613 0 0 0 0.613898 0.789385
920 59.909 33.5217 0 0 0 0.611097 0.791556
921 58.9246 33.7857 0 0 0 0.99231 0.123777
922 57.9303 34.0421 0 0 0 0.990641 0.136492
923 56.9535 34.3527 0 0 0 0.989958 0.141362
924 55.9658 34.6566 0 0 0 0.990971 0.13408
925 54.9973 34.949 0 0 0 0.991487 0.130209
926 53.9987 35.2087 0 0 0 0.992246 0.124289
927 53.0327 35.4493 0 0 0 0.991411 0.130787
928 52.0895 35.6923 0 0 0 0.992048 0.125858
929 51.1371 35.9374 0 0 0 0.992831 0.11953
930 50.1406 36.1514 0 0 0 0.992102 0.12543
931 49.163 36.4026 0 0 0 0.992855 0.119329
932 48.1948 36.6425 0 0 0 0.993441 0.114342
933 47.2474 36.8626 0 0 0 0.99391 0.110194
934 46.2678 37.0812 0 0 0 0.99317 0.116677
935 45.3037 37.2888 0 0 0 0.993519 0.113666
936 44.3241 37.5125 0 0 0 0.993844 0.110788
937 43.3565 37.7112 0 0 0 0.994472 0.104998
938 42.377 37.9443 0 0 0 0.994691 0.102905
939 41.3944 38.1409 0 0 0 0.994908 0.100783
940 40.4343 38.322 0 0 0 0.994679 0.103018
941 39.4384 38.5418 0 0 0 0.99544 0.095389
942 38.474 38.7562 0 0 0 0.995263 0.0972159
943 37.4666 38.9689 0 0 0 0.994196 0.107583
944 36.4654 39.1799 0 0 0 0.994262 0.106974
945 35.5081 39.3944 0 0 0 0.992738 0.1203
946 34.5252 39.6565 0 0 0 0.992461 0.122563
947 33.5415 39.9265 0 0 0 0.992008 0.126173
948 32.569 40.1398 0 0 0 0.992449 0.122661
949 31.5903 40.3809 0 0 0 0.992034 0.125969
950 30.6215 40.6231 0 0 0 0.992765 0.120071
951 29.6577 40.8692 0 0 0 0.992464 0.122541
952 28.6681 41.0837 0 0 0 0.991888 0.127115
953 27.734 41.3047 0 0 0 0.991692 0.128639
954 26.7514 41.5559 0 0 0 0.992502 0.122228
955 25.8051 41.8008 0 0 0 0.992763 0.120091
956 24.8443 42.0299 0 0 0 0.993327 0.115332
957 23.8668 42.2381 0 0 0 0.993192 0.116487
958 22.8781 42.467 0 0 0 0.992714 0.120497
959 21.8757 42.7133 0 0 0 0.992775 0.11999
960 20.9014 42.9558 0 0 0 0.99196 0.126556
961 19.9146 43.2027 0 0 0 0.991861 0.127322
962 18.943 43.461 0 0 0 0.991314 0.131515
963 17.9966 43.721 0 0 0 0.991709 0.128505
964 17.0092 44.0083 0 0 0 0.990992 0.133922
965 16.0565 44.3286 0 0 0 0.991746 0.128215
966 15.1098 44.5711 0 0 0 0.992344 0.123501
967 14.1379 44.7923 0 0 0 0.991335 0.13136
968 13.1591 45.051 0 0 0 0.991914 0.12691
969 12.1939 45.2939 0 0 0 0.991837 0.127513
970 11.2403 45.5473 0 0 0 0.992616 0.121297
971 10.2619 45.8045 0 0 0 0.992454 0.122619
972 9.29668 46.0513 0 0 0 0.992604 0.1214
973 8.29285 46.3325 0 0 0 0.991998 0.126252
974 7.29732 46.5832 0 0 0 0.992776 0.119983
975 6.32548 46.8018 0 0 0 0.992954 0.118503
976 5.34061 47.0646 0 0 0 0.991629 0.129119
977 4.38536 47.3397 0 0 0 0.992834 0.119503
978 3.40648 47.6182 0 0 0 0.993527 0.113593
979 2.45877 47.8147 0 0 0 0.993979 0.10957
980 1.49025 48.0326 0 0 0 0.993801 0.111173
981 0.502111 48.233 0 0 0 0.993588 0.113062
982 -0.476179 48.4205 0 0 0 0.994564 0.104124
983 -1.42679 48.6565 0 0 0 0.993502 0.113818
984 -2.40889 48.9228 0 0 0 0.994316 0.106466
985 -3.37021 49.159 0 0 0 0.993651 0.112503
986 -3.59793 48.1729 0 0 0 -0.784087 0.620651
987 -3.84452 47.2015 0 0 0 -0.784777 0.619778
988 -4.06986 46.2308 0 0 0 -0.784916 0.619603
989 -4.28927 45.259 0 0 0 -0.7844 0.620255
990 -4.52139 44.294 0 0 0 -0.777905 0.628381
991 -4.78175 43.3217 0 0 0 -0.782019 0.623255
992 -4.99526 42.3319 0 0 0 -0.785523 0.618832
993 -5.2158 41.3653 0 0 0 -0.78532 0.61909
994 -5.44207 40.3618 0 0 0 -0.784865 0.619666
995 -5.66533 39.3809 0 0 0 -0.783177 0.621799
996 -5.88513 38.3907 0 0 0 -0.785838 0.618433
997 -6.1062 37.4164 0 0 0 -0.788054 0.615606
998 -6.31579 36.4097 0 0 0 -0.789036 0.614347
999 -6.57825 35.4414 0 0 0 -0.790137 0.612931
1000 -6.82481 34.5035 0 0 0 -0.787869 0.615843
1001 -7.78334 34.7171 0 0 0 0.993422 0.114514
1002 -8.76591 34.9451 0 0 0 0.992363 0.123352
1003 -9.75095 35.1624 0 0 0 0.992948 0.118551
1004 -10.7208 35.4175 0 0 0 0.992034 0.125973
1005 -11.6673 35.6585 0 0 0 0.992765 0.12007
1006 -12.6339 35.933 0 0 0 0.993173 0.116652
1007 -13.6201 36.1544 0 0 0 0.99343 0.114443
1008 -14.6184 36.4025 0 0 0 0.994511 0.104636
1009 -15.5967 36.5983 0 0 0 0.994903 0.100833
1010 -16.6057 36.7935 0 0 0 0.99477 0.10214
1011 -17.5674 36.9813 0 0 0 0.994487 0.104863
1012 -18.5376 37.2092 0 0 0 0.994472 0.105002
1013 -19.4951 37.4362 0 0 0 0.994309 0.106535
1014 -20.4828 37.6643 0 0 0 0.994764 0.102198
1015 -21.4568 37.8621 0 0 0 0.995077 0.0991029
1016 -22.4286 38.0155 0 0 0 0.995337 0.0964635
1017 -23.4146 38.2268 0 0 0 0.994999 0.0998869
1018 -24.3919 38.4069 0 0 0 0.994895 0.100911
1019 -25.3515 38.6209 0 0 0 0.994434 0.105365
1020 -26.3028 38.853 0 0 0 0.995035 0.0995295
1021 -27.2699 39.0167 0 0 0 0.994808 0.101766
1022 -28.2579 39.2145 0 0 0 0.99485 0.101362
1023 -29.2523 39.4156 0 0 0 0.994319 0.10644
1024 -30.2325 39.6333 0 0 0 0.994291 0.106702
1025 -31.2482 39.8621 0 0 0 0.993331 0.115293
1026 -32.2118 40.0867 0 0 0 0.992931 0.118694
1027 -33.1776 40.3171 0 0 0 0.993221 0.116238
1028 -34.1416 40.5382 0 0 0 0.99264 0.121106
1029 -35.11 40.8134 0 0 0 0.992663 0.120911
1030 -36.0588 41.0663 0 0 0 0.993299 0.115575
1031 -37.0331 41.3113 0 0 0 0.992545 0.121876
1032 -38.0165 41.5206 0 0 0 0.992862 0.119266
1033 -38.999 41.7674 0 0 0 0.99242 0.122896
1034 -39.9566 42.0339 0 0 0 0.992636 0.121133
1035 -40.9232 42.2943 0 0 0 0.992849 0.119378
1036 -40.6787 43.2763 0 0 0 0.621809 0.783169
1037 -40.4247 44.2416 0 0 0 0.628256 0.778007
1038 -40.2024 45.1981 0 0 0 0.625301 0.780384
1039 -39.9814 46.1592 0 0 0 0.619442 0.785042
1040 -39.7361 47.105 0 0 0 0.613647 0.789581
1041 -39.5023 48.0593 0 0 0 0.617817 0.786322
1042 -39.2387 49.026 0 0 0 0.621756 0.783211
1043 -39.0445 49.9768 0 0 0 0.620891 0.783897
1044 -38.8146 50.9674 0 0 0 0.620785 0.783981
1045 -38.5634 51.9646 0 0 0 0.621782 0.78319
1046 -38.3244 52.9501 0 0 0 0.618334 0.785916
1047 -38.0622 53.9352 0 0 0 0.622792 0.782388
1048 -37.8144 54.8794 0 0 0 0.625862 0.779933
1049 -37.611 55.8513 0 0 0 0.623601 0.781743
1050 -37.409 56.8319 0 0 0 0.626245 0.779626
1051 -37.2188 57.7817 0 0 0 0.628462 0.77784
1052 -36.9999 58.7906 0 0 0 0.629366 0.777109
1053 -36.7979 59.758 0 0 0 0.628484 0.777823
1054 -36.5957 60.7269 0 0 0 0.627166 0.778886
1055 -36.4202 61.7197 0 0 0 0.631899 0.775051
1056 -35.4674 61.536 0 0 0 -0.0988325 0.995104
1057 -34.4636 61.3715 0 0 0 -0.102831 0.994699
1058 -33.482 61.1469 0 0 0 -0.0993982 0.995048
1059 -32.4798 60.9033 0 0 0 -0.100502 0.994937
1060 -31.4927 60.6994 0 0 0 -0.0987113 0.995116
1061 -30.5082 60.5073 0 0 0 -0.106073 0.994358
1062 -29.5 60.2667 0 0 0 -0.107952 0.994156
1063 -28.5219 60.0663 0 0 0 -0.102057 0.994779
1064 -27.5374 59.9266 0 0 0 -0.101634 0.994822
1065 -26.5815 59.6952 0 0 0 -0.0971977 0.995265
1066 -25.6082 59.5073 0 0 0 -0.0969813 0.995286
1067 -24.6104 59.3276 0 0 0 -0.098304 0.995156
1068 -23.6291 59.1619 0 0 0 -0.0995546 0.995032
1069 -22.6491 58.9751 0 0 0 -0.0974893 0.995237
1070 -21.6883 58.7762 0 0 0 -0.101756 0.994809
1071 -20.7113 58.5745 0 0 0 -0.101214 0.994865
1072 -19.7174 58.411 0 0 0 -0.102365 0.994747
1073 -18.7573 58.1877 0 0 0 -0.10534 0.994436
1074 -17.7604 57.9899 0 0 0 -0.108162 0.994133
1075 -16.8047 57.7943 0 0 0 -0.109904 0.993942
1076 -15.8541 57.571 0 0 0 -0.118781 0.992921
1077 -14.9292 57.3091 0 0 0 -0.123181 0.992384
1078 -13.9749 57.0528 0 0 0 -0.123148 0.992388
1079 -12.9897 56.8004 0 0 0 -0.126216 0.992003
1080 -12.0059 56.5523 0 0 0 -0.123975 0.992285
1081 -11.0219 56.2922 0 0 0 -0.128168 0.991752
1082 -10.0389 56.022 0 0 0 -0.126296 0.991993
1083 -9.06189 55.77 0 0 0 -0.123349 0.992363
1084 -8.09848 55.5632 0 0 0 -0.124376 0.992235
1085 -7.11357 55.3456 0 0 0 -0.120773 0.99268
1086 -6.11362 55.1044 0 0 0 -0.118808 0.992917
1087 -5.10462 54.8565 0 0 0 -0.129485 0.991581
1088 -4.11512 54.6074 0 0 0 -0.131844 0.991271
1089 -3.1143 54.3286 0 0 0 -0.13813 0.990414
1090 -2.14353 54.0466 0 0 0 -0.135322 0.990802
1091 -1.16534 53.7647 0 0 0 -0.129461 0.991584
1092 -0.237749 53.52 0 0 0 -0.119165 0.992875
1093 0.731992 53.2895 0 0 0 -0.117247 0.993103
1094 1.73078 53.0467 0 0 0 -0.123553 0.992338
1095 2.7138 52.785 0 0 0 -0.126389 0.991981
1096 3.65041 52.5429 0 0 0 -0.127904 0.991787
1097 4.61854 52.2595 0 0 0 -0.124939 0.992164
1098 5.60223 52.0196 0 0 0 -0.121323 0.992613
1099 6.59413 51.8257 0 0 0 -0.122571 0.99246
1100 7.55096 51.5853 0 0 0 -0.125051 0.99215
1101 8.51278 51.3128 0 0 0 -0.119525 0.992831
1102 9.48923 51.0624 0 0 0 -0.129495 0.99158
1103 10.489 50.8107 0 0 0 -0.129045 0.991639
1104 11.4412 50.5665 0 0 0 -0.127734 0.991808
1105 12.4502 50.3154 0 0 0 -0.128323 0.991732
1106 13.4473 50.0587 0 0 0 -0.127273 0.991868
1107 14.4013 49.7709 0 0 0 -0.119378 0.992849
1108 15.3682 49.5463 0 0 0 -0.123638 0.992327
1109 16.309 49.2895 0 0 0 -0.123493 0.992345
1110 17.291 49.0422 0 0 0 -0.129796 0.991541
1111 18.2573 48.7768 0 0 0 -0.12697 0.991907
1112 19.2152 48.5439 0 0 0 -0.124998 0.992157
1113 20.1849 48.2601 0 0 0 -0.12657 0.991958
1114 21.152 47.9938 0 0 0 -0.120881 0.992667
1115 22.1155 47.779 0 0 0 -0.116589 0.99318
1116 21.8955 46.8125 0 0 0 -0.786679 0.617363
1117 21.6436 45.847 0 0 0 -0.790718 0.61218
1118 21.3912 44.8736 0 0 0 -0.790363 0.612639
1119 21.1549 43.8853 0 0 0 -0.788062 0.615595
1120 20.9126 42.9433 0 0 0 -0.790464 0.612509
1121 20.6878 41.9952 0 0 0 -0.792646 0.609682
1122 20.4248 41.0322 0 0 0 -0.793541 0.608516
1123 20.1964 40.0529 0 0 0 -0.793418 0.608677
1124 19.9061 39.1207 0 0 0 -0.790578 0.612362
1125 19.6783 38.1461 0 0 0 -0.78889 0.614534
1126 19.4579 37.1833 0 0 0 -0.790292 0.61273
1127 19.2369 36.2238 0 0 0 -0.79038 0.612617
1128 18.96 35.2718 0 0 0 -0.792249 0.610198
1129 18.7019 34.3054 0 0 0 -0.792472 0.609908
1130 18.4809 33.3419 0 0 0 -0.788511 0.615021
1131 18.257 32.3809 0 0 0 -0.783903 0.620883
1132 18.0335 31.4118 0 0 0 -0.783638 0.621217
1133 17.8091 30.4385 0 0 0 -0.784071 0.620671
1134 17.556 29.4261 0 0 0 -0.782111 0.623139
1135 17.3294 28.4136 0 0 0 -0.782966 0.622065
1136 17.0738 27.4892 0 0 0 -0.782378 0.622804
1137 16.8627 26.5229 0 0 0 -0.781849 0.623468
1138 16.6178 25.5658 0 0 0 -0.779653 0.626212
1139 16.424 24.5563 0 0 0 -0.784532 0.620089
1140 16.1987 23.5918 0 0 0 -0.786667 0.617378
1141 15.9575 22.6169 0 0 0 -0.785081 0.619393
1142 15.7218 21.6481 0 0 0 -0.785207 0.619233
1143 15.4922 20.6755 0 0 0 -0.782971 0.622058
1144 15.2603 19.6953 0 0 0 -0.784224 0.620478
1145 15.0541 18.7428 0 0 0 -0.782634 0.622482
1146 14.8344 17.7581 0 0 0 -0.782604 0.62252
1147 14.5904 16.7681 0 0 0 -0.781544 0.62385
1148 14.3585 15.7868 0 0 0 -0.782569 0.622564
1149 14.1248 14.8362 0 0 0 -0.781296 0.624161
1150 13.9063 13.8061 0 0 0 -0.782435 0.622732
1151 13.6892 12.8587 0 0 0 -0.782986 0.622039
1152 13.4618 11.835 0 0 0 -0.783938 0.62084
1153 13.212 10.8962 0 0 0 -0.781686 0.623672
1154 12.9822 9.93206 0 0 0 -0.782225 0.622996
1155 12.7513 8.96051 0 0 0 -0.784326 0.620349
1156 12.5417 8.00502 0 0 0 -0.784525 0.620098
1157 12.2732 7.03734 0 0 0 -0.78666 0.617386
1158 12.033 6.03693 0 0 0 -0.784207 0.620499
1159 11.8096 5.03933 0 0 0 -0.784496 0.620133
1160 11.5855 4.06226 0 0 0 -0.785258 0.619168
1161 11.3548 3.11428 0 0 0 -0.786641 0.617411
1162 11.1323 2.13884 0 0 0 -0.784261 0.620431
1163 10.9096 1.17301 0 0 0 -0.784852 0.619683
1164 10.6549 0.207747 0 0 0 -0.783263 0.62169
1165 10.4441 -0.788492 0 0 0 -0.786415 0.617698
1166 10.241 -1.76633 0 0 0 -0.78527 0.619154
1167 9.9985 -2.71815 0 0 0 -0.789285 0.614027
1168 9.72964 -3.70642 0 0 0 -0.791504 0.611165
1169 9.46171 -4.70436 0 0 0 -0.791714 0.610892
1170 9.16316 -5.66989 0 0 0 -0.791913 0.610633
1171 8.89023 -6.60457 0 0 0 -0.786244 0.617916
1172 8.6753 -7.59905 0 0 0 -0.78074 0.624857
1173 8.48012 -8.59922 0 0 0 -0.783613 0.621249
1174 8.23029 -9.593 0 0 0 -0.781138 0.624358
1175 7.99698 -10.5709 0 0 0 -0.781972 0.623313
1176 7.75517 -11.5095 0 0 0 -0.781075 0.624437
1177 7.49175 -12.5194 0 0 0 -0.78151 0.623893
1178 7.2575 -13.5093 0 0 0 -0.776361 0.630288
1179 7.03828 -14.5007 0 0 0 -0.776706 0.629863
1180 6.85018 -15.4862 0 0 0 -0.780146 0.625598
1181 7.77912 -15.6764 0 0 0 -0.100204 0.994967
1182 8.76063 -15.883 0 0 0 -0.101544 0.994831
1183 9.77448 -16.1055 0 0 0 -0.107247 0.994232
1184 10.7727 -16.2863 0 0 0 -0.108778 0.994066
1185 11.7515 -16.5201 0 0 0 -0.112397 0.993663
1186 12.7355 -16.7588 0 0 0 -0.114978 0.993368
1187 13.6945 -16.968 0 0 0 -0.114984 0.993367
1188 14.6725 -17.2005 0 0 0 -0.114856 0.993382
1189 15.665 -17.457 0 0 0 -0.117739 0.993045
1190 16.6464 -17.725 0 0 0 -0.111953 0.993714
1191 17.6021 -17.9463 0 0 0 -0.11398 0.993483
1192 18.5497 -18.1935 0 0 0 -0.113107 0.993583
1193 19.5294 -18.4107 0 0 0 -0.109893 0.993943
1194 20.5525 -18.6187 0 0 0 -0.118272 0.992981
1195 21.5033 -18.866 0 0 0 -0.12236 0.992486
1196 21.7393 -17.895 0 0 0 0.610641 0.791907
1197 21.9615 -16.9316 0 0 0 0.610553 0.791976
1198 22.236 -15.9693 0 0 0 0.611054 0.791589
1199 22.4812 -15.0103 0 0 0 0.610469 0.79204
1200 22.7102 -14.0159 0 0 0 0.615843 0.787869
1201 23.6685 -14.2198 0 0 0 -0.118972 0.992898
1202 24.6238 -14.4128 0 0 0 -0.112774 0.993621
1203 25.609 -14.6186 0 0 0 -0.114304 0.993446
1204 26.5613 -14.8523 0 0 0 -0.114597 0.993412
1205 27.546 -15.0668 0 0 0 -0.116943 0.993139
1206 28.5072 -15.3346 0 0 0 -0.124414 0.99223
1207 29.4806 -15.5487 0 0 0 -0.132263 0.991215
1208 30.4359 -15.7981 0 0 0 -0.138014 0.99043
1209 31.4231 -16.1055 0 0 0 -0.130846 0.991403
1210 32.39 -16.3595 0 0 0 -0.12228 0.992496
1211 33.3689 -16.5842 0 0 0 -0.116685 0.993169
1212 34.334 -16.8034 0 0 0 -0.112669 0.993633
1213 35.3056 -17.0303 0 0 0 -0.122809 0.99243
1214 36.2895 -17.2942 0 0 0 -0.121903 0.992542
1215 37.2832 -17.521 0 0 0 -0.121214 0.992626
1216 38.267 -17.7646 0 0 0 -0.11878 0.992921
1217 39.2199 -17.9826 0 0 0 -0.133676 0.991025
1218 40.1779 -18.2429 0 0 0 -0.137178 0.990546
1219 41.1521 -18.5122 0 0 0 -0.133862 0.991
1220 42.09 -18.792 0 0 0 -0.131056 0.991375
1221 43.0573 -19.0704 0 0 0 -0.125078 0.992147
1222 44.0386 -19.3068 0 0 0 -0.130488 0.99145
1223 45.0001 -19.5453 0 0 0 -0.129883 0.991529
1224 45.9782 -19.7828 0 0 0 -0.129474 0.991583
1225 46.9226 -20.0284 0 0 0 -0.122528 0.992465
1226 47.1899 -19.0535 0 0 0 0.614498 0.788918
1227 47.4441 -18.1007 0 0 0 0.618031 0.786154
1228 47.67 -17.1404 0 0 0 0.61445 0.788955
1229 47.934 -16.1881 0 0 0 0.607837 0.794062
1230 48.1993 -15.2136 0 0 0 0.609531 0.792762
1231 48.4471 -14.214 0 0 0 0.604924 0.796284
1232 48.7214 -13.307 0 0 0 0.605746 0.795658
1233 48.9871 -12.3611 0 0 0 0.614356 0.789029
1234 49.1883 -11.4126 0 0 0 0.609287 0.792949
1235 49.423 -10.4334 0 0 0 0.609133 0.793068
1236 49.6978 -9.43124 0 0 0 0.609494 0.792791
1237 49.9663 -8.46876 0 0 0 0.608918 0.793233
1238 50.1816 -7.48716 0 0 0 0.609819 0.792541
1239 50.4083 -6.50335 0 0 0 0.613231 0.789904
1240 50.6569 -5.55475 0 0 0 0.615502 0.788136
1241 49.684 -5.30675 0 0 0 0.992217 0.12452
1242 48.684 -5.06807 0 0 0 0.991593 0.129398
1243 47.7532 -4.78151 0 0 0 0.991989 0.126326
1244 46.7477 -4.54356 0 0 0 0.99204 0.125927
1245 45.797 -4.25051 0 0 0 0.992366 0.123325
1246 44.8124 -4.04481 0 0 0 0.993625 0.112739
1247 43.8426 -3.83175 0 0 0 0.993945 0.109875
1248 42.8695 -3.60805 0 0 0 0.994721 0.10262
1249 41.9044 -3.41347 0 0 0 0.994286 0.106744
1250 40.8857 -3.17418 0 0 0 0.993073 0.117503
1251 39.906 -2.95295 0 0 0 0.993105 0.11723
1252 38.9267 -2.68155 0 0 0 0.993979 0.109573
1253 37.9336 -2.40323 0 0 0 0.99382 0.111007
1254 36.9644 -2.14742 0 0 0 0.994137 0.108124
1255 35.9655 -1.91918 0 0 0 0.994625 0.103543
1256 36.171 -0.955728 0 0 0 0.627281 0.778793
1257 36.3832 0.0294488 0 0 0 0.625476 0.780243
1258 36.5922 1.0196 0 0 0 0.623264 0.782011
1259 36.8299 1.95704 0 0 0 0.620344 0.78433
1260 37.0285 2.90597 0 0 0 0.623564 0.781772
1261 37.2542 3.87236 0 0 0 0.62106 0.783763
1262 37.5011 4.84068 0 0 0 0.623288 0.781993
1263 37.7308 5.82579 0 0 0 0.620439 0.784255
1264 37.9472 6.78238 0 0 0 0.617721 0.786397
1265 38.1799 7.75877 0 0 0 0.618868 0.785495
1266 37.1982 7.97415 0 0 0 0.992905 0.118909
1267 36.2355 8.21841 0 0 0 0.993179 0.116603
1268 35.2624 8.44114 0 0 0 0.992117 0.125313
1269 34.2833 8.67004 0 0 0 0.992197 0.124681
1270 33.3212 8.93294 0 0 0 0.991527 0.129904
1271 32.36 9.2054 0 0 0 0.992398 0.123073
1272 31.3783 9.46106 0 0 0 0.993051 0.117683
1273 30.4323 9.68401 0 0 0 0.992457 0.122591
1274 29.4717 9.89554 0 0 0 0.99224 0.124334
1275 28.4588 10.0996 0 0 0 0.991564 0.129621
1276 27.4829 10.3646 0 0 0 0.99044 0.137947
1277 26.5455 10.6461 0 0 0 0.99087 0.13482
1278 25.5866 10.9091 0 0 0 0.991661 0.128876
1279 24.613 11.1668 0 0 0 0.991979 0.126405
1280 23.6566 11.4437 0 0 0 0.992404 0.123026
1281 22.7049 11.6997 0 0 0 0.992095 0.125485
1282 21.754 11.9515 0 0 0 0.992696 0.120639
1283 20.7639 12.2014 0 0 0 0.992906 0.118903
1284 19.7737 12.4711 0 0 0 0.992683 0.120749
1285 18.7769 12.71 0 0 0 0.993514 0.113707
1286 17.8036 12.9392 0 0 0 0.993542 0.113462
1287 16.8178 13.1663 0 0 0 0.994101 0.10846
1288 15.8435 13.3869 0 0 0 0.993648 0.112529
1289 14.8801 13.6013 0 0 0 0.993864 0.110607
1290 13.9003 13.8012 0 0 0 0.993168 0.116691
1291 12.9178 14.0275 0 0 0 0.994182 0.107715
1292 11.9613 14.2328 0 0 0 0.993544 0.11345
1293 10.9925 14.4878 0 0 0 0.993835 0.110869
1294 10.0066 14.7428 0 0 0 0.993274 0.115789
1295 8.9989 14.9631 0 0 0 0.993121 0.11709
1296 8.01833 15.1885 0 0 0 0.993661 0.112416
1297 7.02327 15.4521 0 0 0 0.99414 0.108096
1298 6.01899 15.6773 0 0 0 0.993745 0.111671
1299 5.06886 15.906 0 0 0 0.994505 0.104692
1300 4.09697 16.137 0 0 0 0.994255 0.107034
1301 3.13854 16.3261 0 0 0 0.99365 0.112514
1302 2.19378 16.5723 0 0 0 0.994085 0.108607
1303 1.23157 16.7835 0 0 0 0.993864 0.11061
1304 0.272092 17.0069 0 0 0 0.9946 0.103781
1305 -0.682282 17.2451 0 0 0 0.994421 0.105481
1306 -1.66546 17.4682 0 0 0 0.994223 0.107333
1307 -2.65886 17.6945 0 0 0 0.993027 0.117888
1308 -3.60781 17.9437 0 0 0 0.992792 0.119853
1309 -4.60591 18.1797 0 0 0 0.993263 0.115881
1310 -5.53524 18.4132 0 0 0 0.993728 0.111824
1311 -6.51289 18.6566 0 0 0 0.994463 0.105089
1312 -7.49729 18.8847 0 0 0 0.994516 0.104584
1313 -8.4968 19.1077 0 0 0 0.993982 0.109547
1314 -9.47915 19.3113 0 0 0 0.994608 0.103704
1315 -10.4399 19.5261 0 0 0 0.994457 0.105147
1316 -11.41 19.7321 0 0 0 0.994954 0.100334
1317 -12.4083 19.933 0 0 0 0.995196 0.097905
1318 -13.3928 20.145 0 0 0 0.994586 0.103919
1319 -14.359 20.3522 0 0 0 0.995021 0.0996705
1320 -15.3641 20.5264 0 0 0 0.995257 0.0972806
1321 -16.3803 20.7519 0 0 0 0.994804 0.10181
1322 -17.3913 20.9628 0 0 0 0.993872 0.110539
1323 -18.2868 21.1919 0 0 0 0.993346 0.115166
1324 -19.2678 21.3949 0 0 0 0.993251 0.115981
1325 -20.2326 21.6552 0 0 0 0.993637 0.112632
1326 -21.1995 21.8741 0 0 0 0.993579 0.113143
1327 -22.1504 22.096 0 0 0 0.993063 0.11758
1328 -23.0945 22.3588 0 0 0 0.993345 0.115177
1329 -24.0627 22.5732 0 0 0 0.993421 0.11452
1330 -25.0221 22.7749 0 0 0 0.992642 0.121084
1331 -25.976 23.011 0 0 0 0.99236 0.12338
1332 -26.9441 23.2685 0 0 0 0.992598 0.121445
1333 -27.9198 23.5345 0 0 0 0.992314 0.123744
1334 -28.8734 23.79 0 0 0 0.992553 0.121817
1335 -29.8719 24.0445 0 0 0 0.993301 0.115556
1336 -30.8594 24.3101 0 0 0 0.992514 0.122133
1337 -31.799 24.5429 0 0 0 0.993102 0.117257
1338 -32.7916 24.7885 0 0 0 0.992982 0.118267
1339 -33.7424 25.0353 0 0 0 0.992047 0.125871
1340 -34.7203 25.302 0 0 0 0.992219 0.124509
1341 -35.6884 25.5159 0 0 0 0.991983 0.12637
1342 -36.6435 25.768 0 0 0 0.992469 0.122497
1343 -37.6177 26.0125 0 0 0 0.993534 0.113538
1344 -38.611 26.2206 0 0 0 0.993955 0.109785
1345 -39.6103 26.471 0 0 0 0.993021 0.117941
1346 -40.5958 26.724 0 0 0 0.992621 0.121254
1347 -41.6016 27.0112 0 0 0 0.991936 0.126736
1348 -42.5807 27.2507 0 0 0 0.991349 0.131256
1349 -43.5771 27.5026 0 0 0 0.991823 0.127621
1350 -44.5427 27.7626 0 0 0 0.991767 0.128054
1351 -44.7929 26.7944 0 0 0 -0.793934 0.608004
1352 -45.0842 25.8549 0 0 0 -0.789689 0.613508
1353 -45.3432 24.9189 0 0 0 -0.787619 0.616163
1354 -45.5859 23.963 0 0 0 -0.782803 0.62227
1355 -45.7787 23.0097 0 0 0 -0.776575 0.630025
1356 -46.0101 22.0162 0 0 0 -0.772581 0.634916
1357 -46.2132 21.0471 0 0 0 -0.777149 0.629316
1358 -46.4342 20.0813 0 0 0 -0.780561 0.625079
1359 -46.6384 19.0916 0 0 0 -0.783489 0.621406
1360 -46.8878 18.0827 0 0 0 -0.783848 0.620953
1361 -47.1192 17.1026 0 0 0 -0.78049 0.625168
1362 -47.3332 16.1048 0 0 0 -0.778149 0.628079
1363 -47.529 15.1288 0 0 0 -0.782823 0.622245
1364 -47.7267 14.1545 0 0 0 -0.782205 0.623021
1365 -47.888 13.2078 0 0 0 -0.785285 0.619134
1366 -48.1612 12.2306 0 0 0 -0.784328 0.620346
1367 -48.3755 11.3081 0 0 0 -0.789538 0.613702
1368 -48.632 10.3444 0 0 0 -0.790398 0.612593
1369 -48.8873 9.40557 0 0 0 -0.791592 0.61105
1370 -49.1342 8.41922 0 0 0 -0.79266 0.609664
1371 -49.3989 7.47075 0 0 0 -0.793361 0.608751
1372 -49.6641 6.52902 0 0 0 -0.797009 0.603967
1373 -49.9273 5.57798 0 0 0 -0.794795 0.606878
1374 -50.1926 4.6205 0 0 0 -0.791449 0.611236
1375 -50.4276 3.6277 0 0 0 -0.789023 0.614363
1376 -50.6215 2.63067 0 0 0 -0.788579 0.614933
1377 -50.8724 1.64672 0 0 0 -0.791791 0.610792
1378 -51.0999 0.688014 0 0 0 -0.789907 0.613226
1379 -51.3367 -0.28104 0 0 0 -0.789885 0.613256
1380 -51.5713 -1.25467 0 0 0 -0.787955 0.615733
1381 -51.82 -2.22508 0 0 0 -0.793479 0.608598
1382 -52.0647 -3.2175 0 0 0 -0.792763 0.60953
1383 -52.3221 -4.22214 0 0 0 -0.788987 0.61441
1384 -52.5861 -5.16228 0 0 0 -0.787953 0.615735
1385 -52.8488 -6.10214 0 0 0 -0.785525 0.61883
1386 -53.0694 -7.0978 0 0 0 -0.782661 0.622448
1387 -53.2955 -8.08216 0 0 0 -0.784902 0.61962
1388 -53.5438 -9.06035 0 0 0 -0.785766 0.618523
1389 -53.7769 -10.0091 0 0 0 -0.79193 0.610612
1390 -54.041 -10.9806 0 0 0 -0.784028 0.620725
1391 -54.243 -11.9963 0 0 0 -0.784988 0.619511
1392 -54.4883 -12.9922 0 0 0 -0.777957 0.628317
1393 -54.6959 -13.9478 0 0 0 -0.777264 0.629174
1394 -54.8943 -14.905 0 0 0 -0.779625 0.626246
1395 -55.1223 -15.8694 0 0 0 -0.781057 0.624459
1396 -55.3607 -16.8614 0 0 0 -0.785483 0.618883
1397 -55.6055 -17.8028 0 0 0 -0.786095 0.618105
1398 -55.8603 -18.7563 0 0 0 -0.78802 0.61565
1399 -56.1051 -19.6965 0 0 0 -0.789179 0.614163
1400 -56.3887 -20.6532 0 0 0 -0.78447 0.620167
1401 -56.6303 -21.6244 0 0 0 -0.787386 0.616461
1402 -56.8737 -22.5838 0 0 0 -0.785318 0.619093
1403 -57.1126 -23.5693 0 0 0 -0.783813 0.620996
1404 -57.3345 -24.5572 0 0 0 -0.781471 0.623941
1405 -57.5459 -25.5122 0 0 0 -0.780306 0.625398
1406 -57.7575 -26.4952 0 0 0 -0.782102 0.623151
1407 -57.9821 -27.4915 0 0 0 -0.781047 0.624472
1408 -58.1962 -28.4673 0 0 0 -0.781971 0.623315
1409 -58.4475 -29.4805 0 0 0 -0.7815 0.623906
1410 -58.6662 -30.4812 0 0 0 -0.782212 0.623012
1411 -57.681 -30.6885 0 0 0 -0.115931 0.993257
1412 -56.6854 -30.8619 0 0 0 -0.106241 0.99434
1413 -55.683 -31.0514 0 0 0 -0.10905 0.994036
1414 -54.7057 -31.2751 0 0 0 -0.115112 0.993353
1415 -53.6878 -31.5104 0 0 0 -0.12327 0.992373
1416 -52.7446 -31.7483 0 0 0 -0.122276 0.992496
1417 -51.7645 -31.9833 0 0 0 -0.124286 0.992246
1418 -50.8371 -32.2354 0 0 0 -0.124217 0.992255
1419 -49.8696 -32.4345 0 0 0 -0.121881 0.992545
1420 -48.9553 -32.6803 0 0 0 -0.12228 0.992496
1421 -47.9894 -32.9325 0 0 0 -0.122562 0.992461
1422 -47.0254 -33.1707 0 0 0 -0.118383 0.992968
1423 -46.065 -33.3589 0 0 0 -0.126941 0.99191
1424 -45.1246 -33.6122 0 0 0 -0.124408 0.992231
1425 -44.1608 -33.8919 0 0 0 -0.118791 0.992919
1426 -43.1854 -34.1591 0 0 0 -0.125521 0.992091
1427 -42.2086 -34.4073 0 0 0 -0.124665 0.992199
1428 -41.2432 -34.6778 0 0 0 -0.132017 0.991248
1429 -40.2438 -34.9116 0 0 0 -0.126223 0.992002
1430 -39.2505 -35.1549 0 0 0 -0.130277 0.991478
1431 -38.2845 -35.391 0 0 0 -0.129023 0.991642
1432 -37.2739 -35.6825 0 0 0 -0.124966 0.992161
1433 -36.2858 -35.8879 0 0 0 -0.131765 0.991281
1434 -35.2676 -36.1262 0 0 0 -0.122298 0.992493
1435 -34.3191 -36.3657 0 0 0 -0.123078 0.992397
1436 -33.3322 -36.6389 0 0 0 -0.124179 0.99226
1437 -32.3439 -36.8613 0 0 0 -0.121523 0.992589
1438 -31.3526 -37.0634 0 0 0 -0.117962 0.993018
1439 -30.3779 -37.306 0 0 0 -0.120506 0.992713
1440 -29.3709 -37.5669 0 0 0 -0.11892 0.992904
1441 -28.393 -37.8008 0 0 0 -0.118252 0.992984
1442 -27.4271 -38.0105 0 0 0 -0.117506 0.993072
1443 -26.4624 -38.2331 0 0 0 -0.111678 0.993744
1444 -25.4781 -38.4476 0 0 0 -0.110795 0.993843
1445 -24.477 -38.634 0 0 0 -0.113646 0.993521
1446 -23.537 -38.823 0 0 0 -0.108215 0.994128
1447 -22.5595 -39.0214 0 0 0 -0.110651 0.993859
1448 -21.5963 -39.2867 0 0 0 -0.109744 0.99396
1449 -20.633 -39.5328 0 0 0 -0.118753 0.992924
1450 -19.6653 -39.7586 0 0 0 -0.117643 0.993056
1451 -18.7356 -39.9915 0 0 0 -0.113906 0.993491
1452 -17.7484 -40.2476 0 0 0 -0.108286 0.99412
1453 -16.7579 -40.4708 0 0 0 -0.110217 0.993908
1454 -15.7995 -40.6778 0 0 0 -0.121631 0.992575
1455 -14.8667 -40.9227 0 0 0 -0.128529 0.991706
1456 -13.919 -41.1707 0 0 0 -0.133163 0.991094
1457 -12.937 -41.4234 0 0 0 -0.12442 0.99223
1458 -12.0074 -41.6901 0 0 0 -0.120257 0.992743
1459 -11.0268 -41.9172 0 0 0 -0.126263 0.991997
1460 -10.062 -42.1689 0 0 0 -0.122395 0.992481
1461 -9.82343 -41.1956 0 0 0 0.611927 0.790914
1462 -9.56964 -40.2132 0 0 0 0.611586 0.791178
1463 -9.32828 -39.2586 0 0 0 0.617446 0.786614
1464 -9.03281 -38.233 0 0 0 0.613011 0.790075
1465 -8.77988 -37.2916 0 0 0 0.61677 0.787144
1466 -8.52808 -36.3285 0 0 0 0.617862 0.786287
1467 -8.33428 -35.3456 0 0 0 0.621338 0.783543
1468 -8.08811 -34.372 0 0 0 0.62282 0.782365
1469 -7.83914 -33.399 0 0 0 0.622321 0.782762
1470 -7.61599 -32.4154 0 0 0 0.623533 0.781797
1471 -8.61464 -32.21 0 0 0 0.993689 0.112172
1472 -9.60823 -31.9692 0 0 0 0.994083 0.108628
1473 -10.5834 -31.7314 0 0 0 0.993508 0.113761
1474 -11.5545 -31.5115 0 0 0 0.992934 0.118666
1475 -12.5335 -31.258 0 0 0 0.993376 0.114911
1476 -12.3142 -30.2779 0 0 0 0.615545 0.788102
1477 -12.0294 -29.2748 0 0 0 0.616027 0.787725
1478 -11.792 -28.2861 0 0 0 0.618152 0.786058
1479 -11.5435 -27.2867 0 0 0 0.618567 0.785732
1480 -11.2826 -26.32 0 0 0 0.619384 0.785088
1481 -11.0358 -25.3841 0 0 0 0.613705 0.789536
1482 -10.8004 -24.4252 0 0 0 0.617563 0.786522
1483 -10.5612 -23.4826 0 0 0 0.615191 0.788378
1484 -10.322 -22.5018 0 0 0 0.618495 0.785788
1485 -10.0957 -21.5414 0 0 0 0.618013 0.786168
1486 -9.10835 -21.7527 0 0 0 -0.115714 0.993283
1487 -8.12369 -21.9646 0 0 0 -0.115083 0.993356
1488 -7.13621 -22.2296 0 0 0 -0.110286 0.9939
1489 -6.14243 -22.4688 0 0 0 -0.108514 0.994095
1490 -5.18188 -22.6997 0 0 0 -0.117982 0.993016
1491 -4.21726 -22.9541 0 0 0 -0.116346 0.993209
1492 -3.23419 -23.2306 0 0 0 -0.115764 0.993277
1493 -2.26546 -23.4655 0 0 0 -0.113152 0.993578
1494 -1.31329 -23.6769 0 0 0 -0.108435 0.994104
1495 -0.338708 -23.8671 0 0 0 -0.116198 0.993226
1496 0.621054 -24.0884 0 0 0 -0.120538 0.992709
1497 1.63715 -24.3367 0 0 0 -0.127182 0.991879
1498 2.61261 -24.5836 0 0 0 -0.131928 0.991259
1499 3.58076 -24.8259 0 0 0 -0.133234 0.991085
1500 4.5875 -25.0749 0 0 0 -0.122628 0.992453
1501 5.56182 -25.359 0 0 0 -0.119721 0.992808
1502 6.53958 -25.5838 0 0 0 -0.121862 0.992547
1503 7.51399 -25.8267 0 0 0 -0.119351 0.992852
1504 8.4953 -26.0865 0 0 0 -0.11833 0.992974
1505 9.49531 -26.3212 0 0 0 -0.115251 0.993336
1506 10.456 -26.5418 0 0 0 -0.113717 0.993513
1507 11.3934 -26.7798 0 0 0 -0.110364 0.993891
1508 12.375 -26.9965 0 0 0 -0.111534 0.993761
1509 13.3396 -27.2173 0 0 0 -0.115493 0.993308
1510 14.2754 -27.4708 0 0 0 -0.119922 0.992783
1511 15.2688 -27.7038 0 0 0 -0.119474 0.992837
1512 16.2427 -27.9783 0 0 0 -0.115664 0.993288
1513 17.2089 -28.1679 0 0 0 -0.111836 0.993727
1514 18.1847 -28.3945 0 0 0 -0.113664 0.993519
1515 19.1601 -28.6219 0 0 0 -0.117863 0.99303
1516 19.3852 -27.6751 0 0 0 0.620657 0.784082
1517 19.6575 -26.7038 0 0 0 0.615074 0.788469
1518 19.8929 -25.7106 0 0 0 0.618219 0.786006
1519 20.1234 -24.7103 0 0 0 0.615138 0.788419
1520 20.3604 -23.7032 0 0 0 0.620031 0.784577
1521 20.6111 -22.7348 0 0 0 0.619128 0.78529
1522 20.8284 -21.777 0 0 0 0.619226 0.785212
1523 21.0682 -20.8148 0 0 0 0.619664 0.784867
1524 21.2968 -19.8542 0 0 0 0.618215 0.786009
1525 21.548 -18.8733 0 0 0 0.619432 0.78505
1526 21.7587 -17.879 0 0 0 0.616174 0.78761
1527 21.9897 -16.906 0 0 0 0.620122 0.784505
1528 22.2041 -15.9444 0 0 0 0.62232 0.782763
1529 22.4262 -14.9522 0 0 0 0.62114 0.7837
1530 22.6501 -13.9709 0 0 0 0.61699 0.786971
1531 22.91 -13.0045 0 0 0 0.616685 0.78721
1532 23.1503 -12.0419 0 0 0 0.619092 0.785318
1533 23.3924 -11.0958 0 0 0 0.616268 0.787537
1534 23.6501 -10.1026 0 0 0 0.613265 0.789877
1535 23.8844 -9.14299 0 0 0 0.618121 0.786083
1536 24.1076 -8.16402 0 0 0 0.621468 0.783439
1537 24.3653 -7.17615 0 0 0 0.619864 0.784709
1538 24.6349 -6.19833 0 0 0 0.626409 0.779495
1539 24.827 -5.20664 0 0 0 0.617161 0.786837
1540 25.0527 -4.25547 0 0 0 0.617382 0.786664
1541 24.0857 -4.02848 0 0 0 0.992354 0.123427
1542 23.1278 -3.77919 0 0 0 0.992919 0.118791
1543 22.1439 -3.55238 0 0 0 0.992778 0.119964
1544 21.2018 -3.31685 0 0 0 0.992953 0.118509
1545 20.2109 -3.12625 0 0 0 0.993377 0.114899
1546 19.2478 -2.89349 0 0 0 0.99334 0.11522
1547 18.306 -2.65195 0 0 0 0.993168 0.116691
1548 17.2919 -2.43951 0 0 0 0.993881 0.110455
1549 16.2742 -2.22776 0 0 0 0.993128 0.117031
1550 15.2798 -1.99016 0 0 0 0.993042 0.117764
1551 14.3102 -1.74746 0 0 0 0.99335 0.11513
1552 13.3414 -1.54946 0 0 0 0.993148 0.116861
1553 12.359 -1.29139 0 0 0 0.993849 0.110746
1554 11.3724 -1.07579 0 0 0 0.993359 0.115059
1555 10.37 -0.815734 0 0 0 0.992867 0.119226
1556 9.39981 -0.580282 0 0 0 0.992692 0.120674
1557 8.38349 -0.321311 0 0 0 0.993028 0.117877
1558 7.41263 -0.0961638 0 0 0 0.992439 0.122741
1559 6.44319 0.110512 0 0 0 0.99265 0.121022
1560 5.47753 0.369953 0 0 0 0.992356 0.12341
1561 4.51171 0.627615 0 0 0 0.991865 0.127294
1562 3.55137 0.879748 0 0 0 0.992055 0.125807
1563 2.5749 1.15573 0 0 0 0.992799 0.119794
1564 1.61827 1.384 0 0 0 0.991992 0.126302
1565 0.650731 1.62161 0 0 0 0.992338 0.123555
1566 -0.293206 1.8602 0 0 0 0.993273 0.115797
1567 -1.27906 2.10207 0 0 0 0.993281 0.115726
1568 -2.25786 2.32141 0 0 0 0.993651 0.11251
1569 -3.22619 2.54442 0 0 0 0.993652 0.112494
1570 -4.15645 2.73775 0 0 0 0.992778 0.119963
1571 -5.10337 2.98963 0 0 0 0.993153 0.11682
1572 -6.06914 3.19342 0 0 0 0.99333 0.115307
1573 -7.06056 3.43787 0 0 0 0.992866 0.119237
1574 -7.99827 3.65681 0 0 0 0.994056 0.108868
1575 -8.95177 3.89504 0 0 0 0.994454 0.105174
1576 -9.91939 4.10547 0 0 0 0.994092 0.10854
1577 -10.9304 4.29889 0 0 0 0.993806 0.111131
1578 -11.8842 4.49356 0 0 0 0.994071 0.108733
1579 -12.8406 4.72835 0 0 0 0.994516 0.104588
1580 -13.7744 4.94758 0 0 0 0.994315 0.106477
1581 -14.7145 5.14731 0 0 0 0.994192 0.107621
1582 -15.6666 5.36293 0 0 0 0.994174 0.107783
1583 -16.6146 5.51275 0 0 0 0.993771 0.111444
1584 -17.5955 5.74515 0 0 0 0.99302 0.117944
1585 -18.5822 5.93063 0 0 0 0.991995 0.126276
1586 -19.5939 6.16319 0 0 0 0.992512 0.122145
1587 -20.5371 6.41246 0 0 0 0.992983 0.118254
1588 -21.5441 6.68287 0 0 0 0.993572 0.1132
1589 -22.505 6.88098 0 0 0 0.993187 0.116535
1590 -23.4409 7.11395 0 0 0 0.994133 0.108163
1591 -24.4078 7.31971 0 0 0 0.993767 0.111477
1592 -25.4032 7.52799 0 0 0 0.994044 0.108976
1593 -26.3865 7.71885 0 0 0 0.994552 0.104238
1594 -27.3495 7.97843 0 0 0 0.993714 0.111946
1595 -28.3054 8.18036 0 0 0 0.993699 0.112084
1596 -29.2799 8.40949 0 0 0 0.994121 0.108273
1597 -30.2537 8.60204 0 0 0 0.993525 0.113618
1598 -31.2282 8.83728 0 0 0 0.99335 0.115131
1599 -32.1932 9.07675 0 0 0 0.993677 0.112274
