0 -10.2179 3.22475 0 0 0 0.521258 0.853399
1 -10.1482 3.35084 0 0 0 0.513791 0.857915
2 -9.95441 3.70197 0 0 0 0.513369 0.858168
3 -9.95134 3.70379 0 0 0 0.505437 0.862864
4 -9.99831 3.86022 0 0 0 0.498527 0.866874
5 -9.78058 4.21606 0 0 0 0.477069 0.878866
6 -9.86077 4.09305 0 0 0 0.482461 0.875918
7 -9.63021 4.43893 0 0 0 0.470087 0.88262
8 -9.422 4.73285 0 0 0 0.461494 0.887143
9 -9.23444 4.99463 0 0 0 0.460622 0.887596
10 -9.17814 5.07135 0 0 0 0.45083 0.89261
11 -8.94563 5.37573 0 0 0 0.434298 0.900769
12 -9.01428 5.28986 0 0 0 0.437064 0.899431
13 -8.79496 5.56347 0 0 0 0.43546 0.900208
14 -8.68412 5.70274 0 0 0 0.437782 0.899081
15 -8.46307 5.97098 0 0 0 0.438059 0.898946
16 -8.2403 6.25151 0 0 0 0.459149 0.888359
17 -8.07602 6.56261 0 0 0 0.491157 0.871071
18 -8.01073 6.66671 0 0 0 0.475268 0.879841
19 -7.81098 6.9581 0 0 0 0.464612 0.885514
20 -7.66796 7.28465 0 0 0 0.548995 0.835826
21 -7.5739 7.49306 0 0 0 0.5494 0.835559
22 -7.61899 7.37949 0 0 0 0.555257 0.831679
23 -7.47759 7.69367 0 0 0 0.542922 0.839783
24 -7.32516 8.00872 0 0 0 0.524189 0.851602
25 -7.16736 8.31913 0 0 0 0.523437 0.852065
26 -7.02099 8.60829 0 0 0 0.533819 0.845599
27 -6.86511 8.91991 0 0 0 0.516277 0.856422
28 -6.67336 9.25608 0 0 0 0.51015 0.860085
29 -6.51306 9.55497 0 0 0 0.525679 0.850683
30 -6.34582 9.88676 0 0 0 0.51911 0.854707
31 -6.19073 10.1653 0 0 0 0.500507 0.865732
32 -6.00165 10.5011 0 0 0 0.510823 0.859686
33 -5.74446 10.6826 0 0 0 0.150336 0.988635
34 -5.65706 10.7056 0 0 0 0.142687 0.989768
35 -5.3494 10.7926 0 0 0 0.14533 0.989383
36 -5.04891 10.9106 0 0 0 0.151451 0.988465
37 -4.7025 11.0092 0 0 0 0.15346 0.988155
38 -4.63846 11.0274 0 0 0 0.153634 0.988128
39 -4.33612 11.1274 0 0 0 0.171027 0.985266
40 -4.01254 11.245 0 0 0 0.167643 0.985848
41 -3.84037 11.3028 0 0 0 0.168677 0.985671
42 -3.51725 11.4137 0 0 0 0.184269 0.982876
43 -3.38147 11.4701 0 0 0 0.184469 0.982838
44 -3.0521 11.6105 0 0 0 0.180279 0.983615
45 -2.74763 11.7131 0 0 0 0.183116 0.983091
46 -2.43761 11.8368 0 0 0 0.184913 0.982755
47 -2.06063 11.7848 0 0 0 -0.0581867 0.998306
48 -1.83367 11.7448 0 0 0 -0.0431246 0.99907
49 -1.65359 11.7299 0 0 0 -0.0427741 0.999085
50 -1.33411 11.7034 0 0 0 -0.0469756 0.998896
51 -0.939672 11.6626 0 0 0 -0.0608397 0.998148
52 -0.67404 11.6293 0 0 0 -0.0642989 0.997931
53 -0.5586 11.6179 0 0 0 -0.0642443 0.997934
54 -0.496008 11.6392 0 0 0 -0.0716371 0.997431
55 -0.14396 11.5827 0 0 0 -0.0863566 0.996264
56 0.183945 11.5217 0 0 0 -0.0942307 0.99555
57 0.36113 11.4878 0 0 0 -0.0886424 0.996064
58 0.422599 11.4775 0 0 0 -0.093031 0.995663
59 0.745286 11.4089 0 0 0 -0.108867 0.994056
60 1.07574 11.3313 0 0 0 -0.124984 0.992159
61 1.38885 11.2433 0 0 0 -0.137721 0.990471
62 1.70361 11.1442 0 0 0 -0.140128 0.990133
63 2.02982 11.0545 0 0 0 -0.143177 0.989697
64 2.35414 10.9572 0 0 0 -0.157241 0.98756
65 2.44139 10.9333 0 0 0 -0.162583 0.986695
66 2.5441 10.9024 0 0 0 -0.16755 0.985864
67 2.83408 10.801 0 0 0 -0.171902 0.985114
68 3.13582 10.681 0 0 0 -0.168164 0.985759
69 3.46863 10.5637 0 0 0 -0.176088 0.984374
70 3.57792 10.5226 0 0 0 -0.185661 0.982614
71 3.87381 10.3981 0 0 0 -0.217484 0.976064
72 4.19962 10.2394 0 0 0 -0.212941 0.977065
73 4.4891 10.101 0 0 0 -0.213013 0.977049
74 4.59564 10.047 0 0 0 -0.221965 0.975055
75 4.95333 9.86246 0 0 0 -0.2603 0.965528
76 5.21742 9.70263 0 0 0 -0.268988 0.963143
77 5.36741 9.61217 0 0 0 -0.260475 0.965481
78 5.70223 9.41715 0 0 0 -0.257897 0.966173
79 5.97773 9.24981 0 0 0 -0.281355 0.959604
80 6.21702 9.08895 0 0 0 -0.283705 0.958912
81 6.49806 8.90314 0 0 0 -0.276973 0.960878
82 6.71479 8.76513 0 0 0 -0.292946 0.956129
83 7.02007 8.56606 0 0 0 -0.284435 0.958695
84 7.28683 8.40085 0 0 0 -0.27029 0.962779
85 7.38102 8.33064 0 0 0 -0.271578 0.962416
86 7.66981 8.13761 0 0 0 -0.279864 0.96004
87 7.97268 7.93084 0 0 0 -0.278441 0.960453
88 8.22696 7.76675 0 0 0 -0.267756 0.963487
89 8.56607 7.54466 0 0 0 -0.281384 0.959595
90 8.6715 7.47568 0 0 0 -0.289105 0.957297
91 8.94965 7.3004 0 0 0 -0.290654 0.956828
92 9.27928 7.08839 0 0 0 -0.279931 0.96002
93 9.57071 6.91276 0 0 0 -0.29319 0.956054
94 9.87037 6.69842 0 0 0 -0.293333 0.95601
95 10.1871 6.51666 0 0 0 -0.266375 0.96387
96 10.4633 6.34726 0 0 0 -0.276405 0.961041
97 10.7839 6.151 0 0 0 -0.287146 0.957887
98 11.0389 5.97952 0 0 0 -0.28912 0.957293
99 11.3282 5.7709 0 0 0 -0.300804 0.953686
100 11.6009 5.58322 0 0 0 -0.301914 0.953335
101 11.869 5.39539 0 0 0 -0.295707 0.955279
102 12.16 5.19368 0 0 0 -0.303882 0.95271
103 12.0427 5.0205 0 0 0 -0.805804 0.592182
104 11.8959 4.55751 0 0 0 -0.806284 0.591529
105 11.8408 4.40563 0 0 0 -0.812323 0.583208
106 11.7289 4.08426 0 0 0 -0.829458 0.558569
107 11.6067 3.80888 0 0 0 -0.843407 0.537275
108 11.4566 3.50156 0 0 0 -0.838654 0.544665
109 11.313 3.19948 0 0 0 -0.847368 0.531006
110 11.1631 2.90656 0 0 0 -0.859925 0.510421
111 11.0044 2.63083 0 0 0 -0.86221 0.506552
112 10.8238 2.32846 0 0 0 -0.86171 0.507402
113 10.7492 2.20491 0 0 0 -0.864686 0.502313
114 10.5295 1.84501 0 0 0 0.879004 -0.476814
115 10.4827 1.77245 0 0 0 0.878984 -0.476852
116 10.2143 1.38739 0 0 0 0.885027 -0.46554
117 10.1647 1.30885 0 0 0 0.885791 -0.464084
118 9.90944 0.940635 0 0 0 0.882448 -0.470411
119 9.73955 0.69225 0 0 0 0.88991 -0.456135
120 9.50587 0.398299 0 0 0 0.904521 -0.42643
121 9.26417 0.135991 0 0 0 0.909562 -0.415569
122 9.21953 0.0820049 0 0 0 0.908724 -0.417398
123 8.99068 -0.178137 0 0 0 0.911778 -0.410684
124 8.90458 -0.50203 0 0 0 -0.814622 0.579992
125 8.78002 -0.816498 0 0 0 -0.825977 0.563703
126 8.6532 -1.12516 0 0 0 -0.819654 0.572858
127 8.54171 -1.43372 0 0 0 -0.813755 0.581207
128 8.42514 -1.77485 0 0 0 -0.815164 0.579231
129 8.28609 -2.06124 0 0 0 -0.856122 0.516773
130 8.13413 -2.34281 0 0 0 -0.865783 0.500419
131 8.14964 -2.31516 0 0 0 -0.862354 0.506306
132 7.9959 -2.57542 0 0 0 0.869079 -0.494673
133 7.78865 -2.88891 0 0 0 0.878278 -0.478151
134 7.60971 -3.19996 0 0 0 -0.854378 0.519652
135 7.56494 -3.29047 0 0 0 -0.848215 0.529652
136 7.43842 -3.56363 0 0 0 -0.837286 0.546766
137 7.45953 -3.50793 0 0 0 -0.837953 0.545743
138 7.30928 -3.82618 0 0 0 -0.84209 0.539337
139 7.16511 -4.12927 0 0 0 -0.832983 0.553298
140 7.10327 -4.24906 0 0 0 -0.841006 0.541025
141 6.94644 -4.61979 0 0 0 -0.854941 0.518724
142 6.96423 -4.58239 0 0 0 -0.854217 0.519916
143 6.82117 -4.8506 0 0 0 -0.862879 0.50541
144 6.63496 -5.17027 0 0 0 0.873072 -0.487591
145 6.44491 -5.46922 0 0 0 0.867029 -0.498258
146 6.24962 -5.79109 0 0 0 -0.864136 0.503258
147 6.16074 -5.9457 0 0 0 0.872036 -0.489442
148 5.95665 -6.27033 0 0 0 0.866512 -0.499157
149 5.90955 -6.41812 0 0 0 -0.843105 0.537749
150 5.75618 -6.72387 0 0 0 -0.849277 0.527948
151 5.56716 -7.02339 0 0 0 -0.859466 0.511193
152 5.49296 -7.14616 0 0 0 0.868067 -0.496447
153 5.27889 -7.4285 0 0 0 0.882712 -0.469915
154 5.12502 -7.70993 0 0 0 -0.851962 0.523604
155 5.15724 -7.66356 0 0 0 -0.861783 0.507277
156 4.99547 -7.97505 0 0 0 -0.85374 0.520699
157 4.81239 -8.25533 0 0 0 -0.863539 0.504283
158 4.6454 -8.56329 0 0 0 -0.851083 0.525031
159 4.49932 -8.85113 0 0 0 -0.842641 0.538476
160 4.32364 -9.20738 0 0 0 -0.848424 0.529318
161 4.28538 -9.28608 0 0 0 -0.85434 0.519714
162 4.12394 -9.59768 0 0 0 -0.853207 0.521573
163 4.10172 -9.66531 0 0 0 -0.855351 0.518049
164 3.942 -9.94298 0 0 0 -0.85644 0.516247
165 3.77701 -10.2523 0 0 0 -0.840459 0.541875
166 3.52461 -10.2218 0 0 0 0.983239 0.182323
167 3.22502 -10.1028 0 0 0 0.983479 0.181024
168 3.2876 -10.1248 0 0 0 0.983518 0.180811
169 2.95636 -10.0019 0 0 0 0.988316 0.152416
170 2.62544 -9.89526 0 0 0 0.989679 0.143303
171 2.7444 -9.9287 0 0 0 0.98911 0.147177
172 2.43056 -9.83297 0 0 0 0.989813 0.142374
173 2.31748 -9.80016 0 0 0 0.989661 0.143428
174 2.19783 -9.76483 0 0 0 0.990567 0.137026
175 1.88536 -9.67545 0 0 0 0.992221 0.12449
176 1.94074 -9.68962 0 0 0 0.992066 0.125719
177 1.62768 -9.61654 0 0 0 0.995131 0.0985651
178 1.30706 -9.52946 0 0 0 0.995419 0.0956055
179 0.948713 -9.46087 0 0 0 0.99658 0.0826287
180 0.479158 -9.38339 0 0 0 0.997901 0.064765
181 0.397113 -9.37973 0 0 0 0.998016 0.0629606
182 0.172717 -9.35067 0 0 0 0.999017 0.0443379
183 0.0731752 -9.34621 0 0 0 0.999574 0.0291822
184 -0.146436 -9.33072 0 0 0 0.99981 0.0194883
185 -0.405349 -9.16783 0 0 0 0.975722 0.219012
186 -0.487259 -9.1268 0 0 0 0.979027 0.203732
187 -0.781164 -9.00408 0 0 0 0.979214 0.202828
188 -1.07923 -8.87284 0 0 0 0.984129 0.177453
189 -1.43373 -8.74988 0 0 0 0.988524 0.151064
190 -1.74019 -8.65517 0 0 0 0.989501 0.144526
191 -2.08704 -8.54608 0 0 0 0.991181 0.132512
192 -2.47363 -8.44333 0 0 0 0.995082 0.0990511
193 -2.67305 -8.21318 0 0 0 0.940175 0.340692
194 -2.92773 -7.99433 0 0 0 0.940229 0.340543
195 -3.17736 -7.78712 0 0 0 0.9519 0.306409
196 -3.35904 -7.67749 0 0 0 0.969745 0.244119
197 -3.52698 -7.5881 0 0 0 0.972266 0.233877
198 -3.62954 -7.5349 0 0 0 0.973172 0.23008
199 -3.96248 -7.32687 0 0 0 0.969255 0.246058
200 -4.0429 -7.28036 0 0 0 0.970294 0.241928
201 -4.32744 -7.12803 0 0 0 0.973816 0.227337
202 -4.64188 -6.96914 0 0 0 0.975743 0.218921
203 -4.93167 -6.81943 0 0 0 0.97157 0.236752
204 -5.06264 -6.74846 0 0 0 0.971302 0.23785
205 -5.42337 -6.55913 0 0 0 0.973914 0.226919
206 -5.50745 -6.51735 0 0 0 0.97839 0.206766
207 -5.82238 -6.36764 0 0 0 0.976169 0.217013
208 -5.60969 -6.46168 0 0 0 0.979119 0.203288
209 -5.92852 -6.31255 0 0 0 0.973415 0.22905
210 -6.24626 -6.17411 0 0 0 0.985559 0.169331
211 -6.57339 -6.05403 0 0 0 0.983069 0.183236
212 -6.89324 -5.89879 0 0 0 0.980653 0.195757
213 -7.21951 -5.75504 0 0 0 0.975743 0.218919
214 -7.54214 -5.60186 0 0 0 0.976721 0.214515
215 -7.69692 -5.53244 0 0 0 0.976293 0.216452
216 -8.00098 -5.38862 0 0 0 0.972902 0.23122
217 -8.30882 -5.21324 0 0 0 0.969884 0.243567
218 -8.4052 -5.15604 0 0 0 0.970067 0.242837
219 -8.69644 -5.00419 0 0 0 0.974328 0.225133
220 -9.00857 -4.84622 0 0 0 0.972953 0.231004
221 -9.29933 -4.65077 0 0 0 0.966645 0.256121
222 -9.58074 -4.48665 0 0 0 0.967983 0.251016
223 -9.89693 -4.31778 0 0 0 0.972796 0.231664
224 -10.2065 -4.16804 0 0 0 0.974853 0.22285
225 -10.5053 -4.04089 0 0 0 0.980793 0.195053
226 -10.8311 -3.90969 0 0 0 0.985215 0.171325
227 -11.1335 -3.80755 0 0 0 0.987757 0.156003
228 -11.2486 -3.77239 0 0 0 0.986472 0.163928
229 -11.5824 -3.65417 0 0 0 0.984363 0.176152
230 -11.4616 -3.69553 0 0 0 0.986088 0.166223
231 -11.7951 -3.56955 0 0 0 0.983232 0.182357
232 -12.0901 -3.4491 0 0 0 0.984511 0.175323
233 -12.4191 -3.32324 0 0 0 0.9842 0.17706
234 -12.698 -3.1503 0 0 0 0.970481 0.24118
235 -13.0323 -2.97514 0 0 0 0.973876 0.227081
236 -12.9742 -3.00308 0 0 0 0.973089 0.230428
237 -13.3025 -2.84056 0 0 0 0.974711 0.223469
238 -13.0676 -2.49239 0 0 0 0.530091 0.847941
239 -12.903 -2.17553 0 0 0 0.532905 0.846175
240 -12.8251 -2.01202 0 0 0 0.537631 0.84318
241 -12.6926 -1.7214 0 0 0 0.552707 0.833376
242 -12.5474 -1.39299 0 0 0 0.556875 0.830596
243 -12.4018 -1.08083 0 0 0 0.545479 0.838124
244 -12.2754 -0.766365 0 0 0 0.568343 0.822792
245 -12.1503 -0.419247 0 0 0 0.567224 0.823564
246 -12.0173 -0.108628 0 0 0 0.548543 0.836122
247 -11.8902 0.197879 0 0 0 0.557875 0.829925
248 -11.7956 0.521175 0 0 0 0.579641 0.814872
249 -11.6493 0.839221 0 0 0 0.564187 0.825647
250 -11.4467 1.23294 0 0 0 0.556166 0.831071
251 -11.4362 1.34307 0 0 0 0.557107 0.830441
252 -11.3028 1.67722 0 0 0 0.564181 0.825651
253 -11.1865 1.98795 0 0 0 0.571348 0.820708
254 -11.0554 2.33484 0 0 0 0.566865 0.823811
255 -10.8994 2.73054 0 0 0 0.556234 0.831026
256 -10.7828 2.98863 0 0 0 0.528216 0.84911
257 -10.6788 3.27465 0 0 0 0.540385 0.841418
258 -10.5465 3.55837 0 0 0 0.545803 0.837914
259 -10.4036 3.86681 0 0 0 0.545001 0.838435
260 -10.2706 4.16487 0 0 0 0.533608 0.845732
261 -10.1324 4.46081 0 0 0 0.546193 0.837659
262 -9.95443 4.84285 0 0 0 0.537728 0.843119
263 -9.80869 5.13555 0 0 0 0.520707 0.853735
264 -9.78047 5.18929 0 0 0 0.524576 0.851364
265 -9.57781 5.60532 0 0 0 0.53586 0.844307
266 -9.53184 5.70212 0 0 0 0.530868 0.847454
267 -9.38189 5.99253 0 0 0 0.512358 0.858772
268 -9.19999 6.3183 0 0 0 0.49831 0.866999
269 -9.05354 6.5743 0 0 0 0.501359 0.865239
270 -8.87614 6.87552 0 0 0 0.502116 0.8648
271 -8.81557 6.98414 0 0 0 0.504556 0.863379
272 -8.63902 7.28619 0 0 0 0.489381 0.87207
273 -8.46008 7.58578 0 0 0 0.501093 0.865393
274 -8.31187 7.84814 0 0 0 0.503195 0.864173
275 -8.13399 8.15508 0 0 0 0.520645 0.853773
276 -7.99274 8.4083 0 0 0 0.513923 0.857837
277 -7.81671 8.73865 0 0 0 0.485594 0.874185
278 -7.65306 9.01191 0 0 0 0.500049 0.865997
279 -7.49566 9.32052 0 0 0 0.521015 0.853547
280 -7.3245 9.61999 0 0 0 0.498987 0.866609
281 -7.13659 9.93366 0 0 0 0.477118 0.878839
282 -6.97103 10.1785 0 0 0 0.491212 0.87104
283 -6.77529 10.468 0 0 0 0.302697 0.953087
284 -6.48527 10.657 0 0 0 0.29603 0.955179
285 -6.15327 10.8737 0 0 0 0.277241 0.9608
286 -5.82908 11.0375 0 0 0 0.195319 0.98074
287 -5.58699 11.127 0 0 0 0.178382 0.983961
288 -5.42852 11.1884 0 0 0 0.170703 0.985322
289 -5.11328 11.2935 0 0 0 0.152513 0.988301
290 -4.76271 11.3586 0 0 0 0.0942897 0.995545
291 -4.66297 11.3821 0 0 0 0.0916068 0.995795
292 -4.34185 11.4326 0 0 0 0.0693702 0.997591
293 -4.01397 11.4621 0 0 0 0.0195457 0.999809
294 -3.8273 11.4692 0 0 0 0.0168079 0.999859
295 -3.50063 11.4811 0 0 0 0.0132397 0.999912
296 -3.28012 11.4814 0 0 0 -0.000829514 1
297 -2.84796 11.4722 0 0 0 -0.0026744 0.999996
298 -2.67737 11.4736 0 0 0 0.00278835 0.999996
299 -2.62764 11.4764 0 0 0 0.00384645 0.999993
300 -2.29813 11.4702 0 0 0 0.000935677 1
301 -2.1309 11.4675 0 0 0 -0.00150547 0.999999
302 -1.80154 11.4614 0 0 0 -0.0119715 0.999928
303 -1.45375 11.4476 0 0 0 -0.0313949 0.999507
304 -1.12771 11.4275 0 0 0 -0.0371236 0.999311
305 -0.788982 11.3991 0 0 0 -0.0326494 0.999467
306 -0.358412 11.3905 0 0 0 -0.0474581 0.998873
307 -0.237952 11.3793 0 0 0 -0.0500156 0.998748
308 0.10232 11.3338 0 0 0 -0.0536294 0.998561
309 0.52414 11.3002 0 0 0 -0.0719135 0.997411
310 0.683726 11.2729 0 0 0 -0.0808798 0.996724
311 0.995614 11.2127 0 0 0 -0.0878631 0.996133
312 1.34521 11.1509 0 0 0 -0.0999007 0.994997
313 1.63023 11.0912 0 0 0 -0.10228 0.994756
314 1.71733 11.0665 0 0 0 -0.104531 0.994522
315 2.04776 10.9923 0 0 0 -0.117499 0.993073
316 2.36441 10.9289 0 0 0 -0.116897 0.993144
317 2.72474 10.838 0 0 0 -0.145775 0.989318
318 2.87841 10.7973 0 0 0 -0.139183 0.990267
319 3.20913 10.7031 0 0 0 -0.143291 0.989681
320 3.48537 10.6102 0 0 0 -0.161278 0.986909
321 3.83662 10.478 0 0 0 -0.188747 0.982026
322 4.13255 10.3489 0 0 0 -0.208366 0.978051
323 4.42878 10.2118 0 0 0 -0.208928 0.977931
324 4.72667 10.0832 0 0 0 -0.210736 0.977543
325 5.01272 9.94394 0 0 0 -0.23064 0.973039
326 5.31958 9.785 0 0 0 -0.244439 0.969665
327 5.62897 9.61986 0 0 0 -0.228561 0.97353
328 5.67468 9.59836 0 0 0 -0.227018 0.973891
329 5.75935 9.55826 0 0 0 -0.229595 0.973286
330 6.04981 9.40848 0 0 0 -0.242389 0.970179
331 6.24844 9.29757 0 0 0 -0.247231 0.968957
332 6.55751 9.11243 0 0 0 -0.264135 0.964486
333 6.84763 8.92562 0 0 0 -0.286714 0.958016
334 7.16325 8.70307 0 0 0 -0.312042 0.950068
335 7.43706 8.49036 0 0 0 -0.309722 0.950827
336 7.75495 8.25929 0 0 0 -0.308754 0.951142
337 8.04837 8.04647 0 0 0 -0.308991 0.951065
338 8.31168 7.85855 0 0 0 -0.29874 0.954334
339 8.62433 7.63521 0 0 0 -0.309807 0.950799
340 8.82013 7.49753 0 0 0 -0.313807 0.949487
341 8.90128 7.43452 0 0 0 -0.306813 0.95177
342 9.18627 7.22404 0 0 0 -0.304762 0.952429
343 9.49997 7.0543 0 0 0 -0.2952 0.955436
344 9.75823 6.86707 0 0 0 -0.30129 0.953533
345 10.0158 6.68498 0 0 0 -0.292552 0.956249
346 10.3356 6.4779 0 0 0 -0.288064 0.957611
347 10.6001 6.29798 0 0 0 -0.307004 0.951708
348 10.8689 6.09529 0 0 0 -0.320576 0.947223
349 11.1069 5.89437 0 0 0 -0.329643 0.944106
350 11.3886 5.68438 0 0 0 -0.335299 0.942112
351 11.642 5.48412 0 0 0 -0.34168 0.939816
352 11.8994 5.27848 0 0 0 -0.336606 0.941645
353 12.1449 5.06907 0 0 0 -0.344927 0.93863
354 11.9641 4.72139 0 0 0 -0.849088 0.528252
355 11.8779 4.52627 0 0 0 -0.840126 0.542391
356 11.7195 4.18953 0 0 0 -0.844889 0.534941
357 11.6662 4.08413 0 0 0 -0.849939 0.526881
358 11.6442 4.02978 0 0 0 -0.852381 0.522922
359 11.4967 3.73993 0 0 0 -0.855461 0.517868
360 11.3513 3.44578 0 0 0 -0.839553 0.543278
361 11.2199 3.15896 0 0 0 -0.837737 0.546074
362 11.0673 2.83674 0 0 0 -0.844949 0.534847
363 10.9249 2.52155 0 0 0 -0.827096 0.562061
364 10.8125 2.22679 0 0 0 -0.817337 0.57616
365 10.7004 1.92446 0 0 0 -0.824238 0.566243
366 10.5918 1.62301 0 0 0 -0.829122 0.559068
367 10.4649 1.29942 0 0 0 -0.821974 0.569525
368 10.3426 0.991724 0 0 0 -0.826188 0.563395
369 10.2181 0.689961 0 0 0 -0.83486 0.550463
370 10.0905 0.370357 0 0 0 -0.814199 0.580586
371 10.0155 0.0447831 0 0 0 -0.793739 0.608258
372 9.82514 -0.288648 0 0 0 0.874399 -0.485208
373 9.66275 -0.548857 0 0 0 0.882052 -0.471151
374 9.46206 -0.869167 0 0 0 -0.863761 0.503902
375 9.2981 -1.17993 0 0 0 -0.856873 0.515527
376 9.21762 -1.31735 0 0 0 -0.858422 0.512944
377 9.28787 -1.17002 0 0 0 0.914526 -0.404527
378 9.00965 -1.39228 0 0 0 0.934504 -0.355952
379 8.77212 -1.62307 0 0 0 0.929456 -0.368934
380 8.64796 -1.7487 0 0 0 0.922382 -0.38628
381 8.43729 -1.97088 0 0 0 0.913105 -0.407725
382 8.30497 -2.11962 0 0 0 0.915527 -0.402257
383 8.0694 -2.35783 0 0 0 0.920904 -0.389789
384 7.90058 -2.66134 0 0 0 -0.817511 0.575913
385 7.77736 -2.9922 0 0 0 -0.817781 0.575529
386 7.65954 -3.3048 0 0 0 -0.809242 0.587475
387 7.55169 -3.66042 0 0 0 -0.790199 0.612851
388 7.48663 -3.9588 0 0 0 -0.816703 0.577058
389 7.36904 -4.27806 0 0 0 -0.822058 0.569404
390 7.23836 -4.6117 0 0 0 -0.832151 0.55455
391 7.01748 -4.97473 0 0 0 0.87587 -0.482547
392 6.96172 -5.06667 0 0 0 0.879949 -0.475069
393 6.72262 -5.44263 0 0 0 0.874446 -0.485123
394 6.77804 -5.35078 0 0 0 0.877124 -0.480264
395 6.57319 -5.69719 0 0 0 -0.85314 0.521682
396 6.39779 -6.04535 0 0 0 -0.846037 0.533124
397 6.4619 -5.90966 0 0 0 -0.847162 0.531335
398 6.2671 -6.28181 0 0 0 -0.855325 0.518091
399 6.44609 -5.94202 0 0 0 -0.847316 0.531088
400 6.25156 -6.33058 0 0 0 -0.855522 0.517767
401 6.0947 -6.64108 0 0 0 -0.845899 0.533343
402 5.95996 -6.93711 0 0 0 -0.829687 0.558228
403 5.82517 -7.26335 0 0 0 -0.823734 0.566976
404 5.92299 -7.04176 0 0 0 -0.828913 0.559377
405 5.80241 -7.35677 0 0 0 -0.823768 0.566927
406 5.63571 -7.64317 0 0 0 -0.844295 0.535879
407 5.4826 -7.93512 0 0 0 -0.855335 0.518075
408 5.346 -8.1716 0 0 0 -0.861726 0.507374
409 5.40049 -8.06994 0 0 0 -0.857996 0.513657
410 5.23018 -8.3796 0 0 0 -0.86558 0.500771
411 5.0745 -8.66724 0 0 0 -0.850167 0.526513
412 5.01647 -8.78104 0 0 0 -0.841281 0.540598
413 4.91833 -9.09482 0 0 0 -0.823638 0.567115
414 4.84148 -9.30373 0 0 0 -0.806188 0.591659
415 4.49794 -9.39379 0 0 0 0.987889 -0.155162
416 4.32693 -9.44907 0 0 0 0.985404 -0.170232
417 3.97355 -9.57067 0 0 0 0.98489 -0.173182
418 3.65743 -9.6813 0 0 0 0.984916 -0.173036
419 3.31676 -9.78999 0 0 0 0.986952 -0.161016
420 3.22797 -9.82254 0 0 0 0.986132 -0.165961
421 2.86342 -9.93809 0 0 0 0.989452 -0.144863
422 2.61281 -10.0017 0 0 0 0.989424 -0.14505
423 2.58962 -9.91917 0 0 0 0.994871 0.101155
424 2.2695 -9.84593 0 0 0 0.993699 0.112084
425 1.91898 -9.76554 0 0 0 0.994351 0.106146
426 1.60607 -9.70353 0 0 0 0.997698 0.0678209
427 1.38083 -9.66131 0 0 0 0.998776 0.0494686
428 1.26124 -9.64868 0 0 0 0.999103 0.0423483
429 0.948133 -9.61967 0 0 0 0.999336 0.0364421
430 0.597711 -9.58734 0 0 0 0.998899 0.0469144
431 0.316662 -9.51054 0 0 0 0.97505 0.221985
432 -0.0253284 -9.35893 0 0 0 0.982049 0.188624
433 -0.401616 -9.2049 0 0 0 0.982124 0.188233
434 -0.511015 -9.16661 0 0 0 0.982241 0.187625
435 -0.867451 -9.01432 0 0 0 0.98216 0.188049
436 -1.14588 -8.89977 0 0 0 0.986581 0.163271
437 -1.32874 -8.83776 0 0 0 0.988997 0.147933
438 -1.65932 -8.73569 0 0 0 0.991911 0.126935
439 -2.01598 -8.62469 0 0 0 0.982515 0.186181
440 -2.16756 -8.53418 0 0 0 0.973455 0.228878
441 -2.51393 -8.39435 0 0 0 0.981548 0.191215
442 -2.83005 -8.25457 0 0 0 0.979565 0.201129
443 -3.12176 -8.12259 0 0 0 0.972926 0.231115
444 -3.37246 -7.93159 0 0 0 0.959794 0.280705
445 -3.66205 -7.74338 0 0 0 0.964411 0.264408
446 -3.95887 -7.56332 0 0 0 0.966538 0.256523
447 -4.25949 -7.40378 0 0 0 0.971269 0.237982
448 -4.58092 -7.25303 0 0 0 0.979884 0.199566
449 -4.86942 -7.09459 0 0 0 0.970203 0.242295
450 -5.13447 -6.90819 0 0 0 0.967861 0.251487
451 -5.44539 -6.74723 0 0 0 0.971292 0.237891
452 -5.75226 -6.58454 0 0 0 0.974962 0.222371
453 -5.97055 -6.49551 0 0 0 0.982425 0.186658
454 -5.86115 -6.54336 0 0 0 0.975471 0.220129
455 -6.16935 -6.43623 0 0 0 0.991887 0.127125
456 -6.50885 -6.35003 0 0 0 0.991817 0.12767
457 -6.3946 -6.37994 0 0 0 0.991903 0.126997
458 -6.74467 -6.28302 0 0 0 0.993465 0.114134
459 -7.06755 -6.1856 0 0 0 0.989587 0.143936
460 -7.43144 -6.02499 0 0 0 0.980347 0.19728
461 -7.70457 -5.91474 0 0 0 0.982597 0.185752
462 -7.77236 -5.88617 0 0 0 0.982713 0.185135
463 -7.79444 -5.87547 0 0 0 0.984176 0.177194
464 -8.13 -5.75689 0 0 0 0.991418 0.130729
465 -8.45413 -5.66748 0 0 0 0.989938 0.141502
466 -8.753 -5.53503 0 0 0 0.974933 0.222499
467 -9.05217 -5.39994 0 0 0 0.979659 0.20067
468 -9.34865 -5.26866 0 0 0 0.983175 0.182664
469 -9.66516 -5.09276 0 0 0 0.975715 0.219046
470 -9.98269 -4.9453 0 0 0 0.974508 0.224353
471 -10.4296 -4.72554 0 0 0 0.977444 0.211197
472 -10.4829 -4.69506 0 0 0 0.978091 0.208176
473 -10.7849 -4.51197 0 0 0 0.966762 0.255678
474 -11.0857 -4.33347 0 0 0 0.964851 0.262797
475 -11.1375 -4.30983 0 0 0 0.964244 0.265015
476 -11.4252 -4.14268 0 0 0 0.971236 0.238121
477 -11.729 -3.98573 0 0 0 0.973946 0.226778
478 -12.0109 -3.82044 0 0 0 0.967255 0.253807
479 -12.3181 -3.637 0 0 0 0.96883 0.247727
480 -12.608 -3.48763 0 0 0 0.977098 0.212788
481 -12.9324 -3.34344 0 0 0 0.976991 0.21328
482 -13.219 -3.20174 0 0 0 0.975517 0.219922
483 -13.3425 -3.13574 0 0 0 0.976363 0.216138
484 -13.5207 -3.05496 0 0 0 0.979666 0.200634
485 -13.4532 -2.77544 0 0 0 0.565793 0.824548
486 -13.3203 -2.45809 0 0 0 0.566521 0.824047
487 -13.2032 -2.15796 0 0 0 0.579487 0.814981
488 -13.0758 -1.84193 0 0 0 0.571901 0.820322
489 -12.9543 -1.53114 0 0 0 0.552263 0.83367
490 -12.8122 -1.20333 0 0 0 0.548557 0.836113
491 -12.7377 -1.04398 0 0 0 0.545624 0.83803
492 -12.5872 -0.739478 0 0 0 0.538909 0.842364
493 -12.4385 -0.408608 0 0 0 0.539632 0.841901
494 -12.3085 -0.111659 0 0 0 0.544643 0.838668
495 -12.2674 -0.00093134 0 0 0 0.549479 0.835508
496 -12.0918 0.274087 0 0 0 0.489925 0.871765
497 -11.9122 0.568405 0 0 0 0.473741 0.880664
498 -11.716 0.864988 0 0 0 0.470883 0.882196
499 -11.5391 1.13836 0 0 0 0.477471 0.878647
500 -11.353 1.40361 0 0 0 0.468467 0.883481
501 -11.3131 1.45809 0 0 0 0.467493 0.883997
502 -11.1203 1.7565 0 0 0 0.471548 0.88184
503 -10.9455 1.99729 0 0 0 0.458003 0.888951
504 -10.8869 2.08218 0 0 0 0.453775 0.891116
505 -10.6391 2.4907 0 0 0 0.508769 0.860903
506 -10.5253 2.69963 0 0 0 0.516237 0.856446
507 -10.6649 2.43638 0 0 0 0.512512 0.85868
508 -10.4956 2.74791 0 0 0 0.513165 0.85829
509 -10.4337 2.86166 0 0 0 0.499868 0.866102
510 -10.2214 3.21399 0 0 0 0.485956 0.873983
511 -10.0422 3.49863 0 0 0 0.482665 0.875805
512 -10.016 3.54107 0 0 0 0.486293 0.873796
513 -9.85465 3.79034 0 0 0 0.480247 0.877133
514 -9.7704 3.92742 0 0 0 0.491837 0.870687
515 -9.66603 4.10599 0 0 0 0.510142 0.86009
516 -9.60931 4.33453 0 0 0 0.565961 0.824432
517 -9.48186 4.66885 0 0 0 0.574282 0.818658
518 -9.36166 4.97849 0 0 0 0.561948 0.827173
519 -9.22504 5.30066 0 0 0 0.545776 0.837931
520 -9.18093 5.4014 0 0 0 0.543825 0.839199
521 -9.06108 5.65965 0 0 0 0.536648 0.843806
522 -9.00408 5.78465 0 0 0 0.539785 0.841803
523 -8.85807 6.08038 0 0 0 0.521604 0.853187
524 -8.69362 6.39753 0 0 0 0.526138 0.850399
525 -8.55478 6.69152 0 0 0 0.54162 0.840623
526 -8.47257 6.8814 0 0 0 0.557292 0.830317
527 -8.31304 7.25632 0 0 0 0.547813 0.836601
528 -8.2501 7.39671 0 0 0 0.537534 0.843242
529 -8.27211 7.62852 0 0 0 0.981309 0.192437
530 -8.55986 7.75281 0 0 0 0.986574 0.163315
531 -8.71158 7.80683 0 0 0 0.987439 0.158001
532 -8.89457 7.87061 0 0 0 0.988687 0.149993
533 -9.2693 7.99399 0 0 0 0.988571 0.150753
534 -9.43068 8.04865 0 0 0 0.988281 0.152645
535 -9.46608 8.06278 0 0 0 0.988266 0.152744
536 -9.79541 8.17382 0 0 0 0.989327 0.145715
537 -10.1259 8.27319 0 0 0 0.991033 0.13362
538 -10.4391 8.36024 0 0 0 0.991922 0.126846
539 -10.551 8.39103 0 0 0 0.99186 0.127336
540 -10.8629 8.47047 0 0 0 0.993471 0.114088
541 -10.7751 8.45312 0 0 0 0.992713 0.120502
542 -11.1127 8.53544 0 0 0 0.996201 0.0870809
543 -11.4579 8.60215 0 0 0 0.997856 0.0654504
544 -11.6301 8.62627 0 0 0 0.998524 0.0543194
545 -11.535 8.71874 0 0 0 0.138364 0.990381
546 -11.233 8.54619 0 0 0 -0.195188 0.980766
547 -10.9005 8.40775 0 0 0 -0.176584 0.984286
548 -10.5463 8.26719 0 0 0 -0.204623 0.978841
549 -10.4588 8.23307 0 0 0 -0.208101 0.978107
550 -10.3527 8.18923 0 0 0 -0.210408 0.977614
551 -10.0329 8.04594 0 0 0 -0.220757 0.975329
552 -9.87637 7.97355 0 0 0 -0.219744 0.975558
553 -9.5828 7.83138 0 0 0 -0.213485 0.976946
554 -9.28643 7.70224 0 0 0 -0.218026 0.975943
555 -8.97169 7.55334 0 0 0 -0.231747 0.972776
556 -8.89927 7.51848 0 0 0 -0.233814 0.972281
557 -8.86779 7.50397 0 0 0 -0.228634 0.973513
558 -8.53004 7.32454 0 0 0 -0.243279 0.969956
559 -8.42001 7.66985 0 0 0 0.380587 0.924745
560 -8.1683 7.9015 0 0 0 0.398849 0.917016
561 -7.94375 8.16117 0 0 0 0.432076 0.901837
562 -7.8662 8.27771 0 0 0 0.429966 0.902845
563 -7.6581 8.52203 0 0 0 0.412036 0.911167
564 -7.42074 8.77699 0 0 0 0.396827 0.917893
565 -7.37861 8.82028 0 0 0 0.398492 0.917172
566 -7.15611 9.06082 0 0 0 0.413862 0.910339
567 -6.90499 9.06282 0 0 0 -0.188265 0.982118
568 -6.73279 8.98684 0 0 0 -0.181323 0.983424
569 -6.39905 8.84174 0 0 0 -0.196225 0.980559
570 -6.09852 8.70024 0 0 0 -0.206409 0.978466
571 -5.75976 8.53419 0 0 0 -0.20991 0.977721
572 -5.65513 8.48929 0 0 0 -0.206329 0.978483
573 -5.546 8.44375 0 0 0 -0.208361 0.978052
574 -5.20962 8.28385 0 0 0 -0.230356 0.973106
575 -5.12853 8.24386 0 0 0 -0.237407 0.97141
576 -5.20022 8.4092 0 0 0 0.952522 0.304471
577 -5.50334 8.63242 0 0 0 0.948002 0.318265
578 -5.85399 8.67585 0 0 0 0.999552 0.0299183
579 -6.20706 8.74285 0 0 0 0.985822 0.167794
580 -6.2977 9.06976 0 0 0 0.85791 0.5138
581 -6.46161 9.39261 0 0 0 0.848709 0.52886
582 -6.60362 9.70482 0 0 0 0.848632 0.528983
583 -6.73422 10.0332 0 0 0 0.838561 0.544808
584 -6.39309 10.2091 0 0 0 0.279554 0.96013
585 -6.07714 10.4113 0 0 0 0.284469 0.958685
586 -5.79823 10.5851 0 0 0 0.276778 0.960934
587 -5.49327 10.7692 0 0 0 0.262853 0.964836
588 -5.20355 10.9321 0 0 0 0.252984 0.967471
589 -4.93357 11.0878 0 0 0 0.251486 0.967861
590 -4.89404 11.4173 0 0 0 0.805022 0.593244
591 -4.99432 11.7518 0 0 0 0.807999 0.589184
592 -5.11882 12.0983 0 0 0 0.834263 0.551366
593 -5.25815 12.4252 0 0 0 0.835386 0.549664
594 -5.39683 12.7283 0 0 0 0.848683 0.528901
595 -5.56476 13.0397 0 0 0 0.866028 0.499995
596 -5.49847 13.2615 0 0 0 0.254824 0.966987
597 -5.20252 13.4341 0 0 0 0.277895 0.960611
598 -4.90507 13.6237 0 0 0 0.283128 0.959082
599 -4.63336 13.7933 0 0 0 0.272353 0.962198
600 -4.33878 13.9719 0 0 0 0.262003 0.965067
601 -4.05983 14.1254 0 0 0 0.242721 0.970096
602 -4.26095 14.0123 0 0 0 0.254102 0.967177
603 -3.93665 14.2095 0 0 0 0.23596 0.971763
604 -3.81723 14.323 0 0 0 0.504105 0.863642
605 -3.88966 14.1107 0 0 0 -0.77426 0.632868
606 -3.78592 14.1694 0 0 0 -0.55551 0.83151
607 -3.64625 13.8702 0 0 0 -0.553749 0.832684
608 -3.49984 13.5083 0 0 0 -0.55134 0.83428
609 -3.38506 13.2063 0 0 0 -0.571862 0.82035
610 -3.31689 12.8947 0 0 0 -0.655728 0.754997
611 -3.29729 12.6904 0 0 0 -0.674864 0.737942
612 -3.29632 12.6365 0 0 0 -0.679172 0.733979
613 -3.28481 12.3129 0 0 0 -0.694797 0.719206
614 -3.28261 12.1945 0 0 0 -0.685486 0.728086
615 -3.27996 12.0833 0 0 0 -0.680901 0.732376
616 -3.25437 11.7676 0 0 0 -0.695861 0.718177
617 -3.24441 11.7122 0 0 0 -0.697313 0.716767
618 -3.25199 11.3796 0 0 0 -0.715526 0.698586
619 -3.19903 11.3756 0 0 0 -0.00987922 0.999951
620 -2.84236 11.3772 0 0 0 -0.00074184 1
621 -2.4977 11.3747 0 0 0 -0.00603646 0.999982
622 -2.37279 11.3667 0 0 0 -0.0100377 0.99995
623 -2.05118 11.3482 0 0 0 -0.0454088 0.998968
624 -2.03006 11.0508 0 0 0 -0.69341 0.720543
625 -2.03601 10.952 0 0 0 -0.695573 0.718455
626 -2.03684 10.6214 0 0 0 -0.700051 0.714093
627 -2.04122 10.2934 0 0 0 -0.713127 0.701035
628 -2.05225 9.96619 0 0 0 -0.726309 0.687368
629 -2.0403 9.61836 0 0 0 -0.700388 0.713762
630 -2.03648 9.32401 0 0 0 -0.702081 0.712097
631 -2.03708 8.99955 0 0 0 -0.701466 0.712703
632 -2.0651 8.66587 0 0 0 -0.827002 0.562199
633 -2.19939 8.35674 0 0 0 -0.840585 0.541679
634 -2.34741 8.05083 0 0 0 -0.847066 0.531487
635 -2.26847 8.34388 0 0 0 0.509935 0.860213
636 -2.16954 8.52714 0 0 0 0.50341 0.864047
637 -1.98155 8.85689 0 0 0 0.508697 0.860946
638 -1.80406 9.16339 0 0 0 0.505608 0.862763
639 -1.74568 9.26621 0 0 0 0.504509 0.863406
640 -1.55132 9.59065 0 0 0 0.487186 0.873298
641 -1.38449 9.56118 0 0 0 -0.235249 0.971935
642 -1.2051 9.47251 0 0 0 -0.244155 0.969736
643 -0.866797 9.31465 0 0 0 -0.21884 0.975761
644 -0.543542 9.1613 0 0 0 -0.227803 0.973707
645 -0.459745 9.12455 0 0 0 -0.236011 0.97175
646 -0.161889 8.95907 0 0 0 -0.267881 0.963452
647 0.111564 8.79292 0 0 0 -0.25242 0.967618
648 0.189327 8.75179 0 0 0 -0.251923 0.967747
649 0.47398 8.59669 0 0 0 -0.24315 0.969989
650 0.780384 8.42639 0 0 0 -0.260863 0.965376
651 0.952901 8.2513 0 0 0 -0.765456 0.643488
652 0.711366 8.62047 0 0 0 0.958251 0.285927
653 0.449018 8.80519 0 0 0 0.957724 0.287688
654 0.187727 8.97848 0 0 0 0.962412 0.271594
655 -0.118413 9.15873 0 0 0 0.9691 0.24667
656 -0.226245 9.21581 0 0 0 0.970726 0.240191
657 -0.515259 9.37599 0 0 0 0.97085 0.239686
658 -0.819859 9.53513 0 0 0 0.974672 0.223638
659 -0.918988 9.57835 0 0 0 0.975822 0.218565
660 -1.0609 9.82734 0 0 0 0.599571 0.800322
661 -0.955988 10.2105 0 0 0 0.595574 0.803301
662 -0.82862 10.5779 0 0 0 0.58655 0.809913
663 -0.72017 10.8766 0 0 0 0.582374 0.812921
664 -0.596479 11.1734 0 0 0 0.557436 0.83022
665 -0.447424 11.3854 0 0 0 -0.155276 0.987871
666 -0.114218 11.2508 0 0 0 -0.18415 0.982898
667 -0.240046 11.2996 0 0 0 -0.180258 0.983619
668 0.0460643 11.1782 0 0 0 -0.193288 0.981142
669 0.354384 11.045 0 0 0 -0.22287 0.974848
670 0.689551 10.8749 0 0 0 -0.242959 0.970036
671 0.974017 10.8367 0 0 0 0.395091 0.918642
672 1.20032 11.2173 0 0 0 0.494249 0.869321
673 1.13399 11.1234 0 0 0 0.483912 0.875116
674 1.16897 11.1715 0 0 0 0.489899 0.871779
675 1.38105 11.4964 0 0 0 0.482606 0.875838
676 1.59031 11.81 0 0 0 0.462826 0.886449
677 1.80154 12.1006 0 0 0 0.456597 0.889673
678 2.03077 12.4065 0 0 0 0.437329 0.899301
679 2.24693 12.6802 0 0 0 0.437398 0.899268
680 2.43642 12.9296 0 0 0 0.423365 0.905959
681 2.64613 13.1768 0 0 0 0.400248 0.916407
682 2.87772 13.4306 0 0 0 0.391323 0.920254
683 3.11198 13.6857 0 0 0 0.397995 0.917388
684 3.10281 13.61 0 0 0 0.903867 -0.427813
685 2.91867 13.3246 0 0 0 0.890483 -0.455017
686 2.79299 13.1446 0 0 0 0.886447 -0.46283
687 2.47863 12.7592 0 0 0 0.895796 -0.444466
688 2.58314 12.9069 0 0 0 0.889077 -0.457758
689 2.38277 12.6498 0 0 0 0.896017 -0.44402
690 2.14399 12.3234 0 0 0 0.885889 -0.463898
691 2.2189 12.4211 0 0 0 0.889896 -0.456163
692 2.19077 12.3766 0 0 0 0.887858 -0.460117
693 1.99917 12.1005 0 0 0 0.877579 -0.479433
694 1.81656 11.8257 0 0 0 0.883541 -0.468354
695 1.90374 11.955 0 0 0 0.88043 -0.474176
696 1.71129 11.6852 0 0 0 0.886677 -0.462389
697 1.52792 11.4113 0 0 0 0.87719 -0.480144
698 1.33346 11.0874 0 0 0 0.866257 -0.499599
699 1.29019 11.0058 0 0 0 0.867177 -0.497999
700 1.58491 10.8912 0 0 0 -0.221985 0.97505
701 1.91846 10.7167 0 0 0 -0.235018 0.971991
702 1.95764 10.697 0 0 0 -0.238322 0.971186
703 2.28075 10.5161 0 0 0 -0.251565 0.96784
704 2.57697 10.3333 0 0 0 -0.274015 0.961725
705 2.68171 10.2739 0 0 0 -0.275392 0.961332
706 2.99333 10.1482 0 0 0 -0.211733 0.977327
707 3.30669 9.99477 0 0 0 -0.213012 0.97705
708 3.60647 9.85717 0 0 0 -0.206801 0.978383
709 3.9501 9.75279 0 0 0 -0.18343 0.983033
710 4.24963 9.62432 0 0 0 -0.20455 0.978856
711 4.55107 9.47997 0 0 0 -0.232531 0.972589
712 4.86095 9.31367 0 0 0 -0.258199 0.966092
713 5.15722 9.13005 0 0 0 -0.278276 0.960501
714 5.44388 8.95625 0 0 0 -0.23397 0.972244
715 5.3374 9.01578 0 0 0 -0.27659 0.960988
716 5.66273 8.92156 0 0 0 -0.0705018 0.997512
717 6.02277 8.85084 0 0 0 -0.102419 0.994741
718 6.31676 8.78067 0 0 0 -0.123426 0.992354
719 6.53582 8.73015 0 0 0 -0.137145 0.990551
720 6.86414 8.62592 0 0 0 -0.161026 0.98695
721 7.17056 8.50691 0 0 0 -0.172782 0.98496
722 7.46869 8.39813 0 0 0 -0.180764 0.983527
723 7.64403 8.6157 0 0 0 0.550583 0.83478
724 7.67979 8.71035 0 0 0 0.534775 0.844994
725 7.82866 9.01062 0 0 0 0.52495 0.851133
726 7.70196 8.76934 0 0 0 0.539924 0.841714
727 7.89264 9.11322 0 0 0 0.486732 0.873551
728 8.08332 9.40191 0 0 0 0.467927 0.883767
729 7.98466 9.24637 0 0 0 0.476023 0.879433
730 8.18503 9.53045 0 0 0 0.457384 0.889269
731 8.42392 9.7946 0 0 0 0.43719 0.899369
732 8.4649 9.83932 0 0 0 0.433906 0.900958
733 8.68922 10.104 0 0 0 0.430478 0.902601
734 8.89339 10.3507 0 0 0 0.43957 0.898208
735 9.10549 10.5993 0 0 0 0.416123 0.909309
736 9.34067 10.8544 0 0 0 0.40685 0.913495
737 9.45149 10.9703 0 0 0 0.404275 0.914638
738 9.21929 10.749 0 0 0 0.880238 -0.474532
739 9.02962 10.4505 0 0 0 0.881554 -0.472083
740 8.77076 10.1172 0 0 0 0.889042 -0.457826
741 8.66923 9.96534 0 0 0 0.887865 -0.460103
742 8.47582 9.61307 0 0 0 0.875316 -0.483552
743 8.41673 9.50988 0 0 0 0.875895 -0.482502
744 8.24879 9.23496 0 0 0 0.878322 -0.47807
745 7.98119 8.99601 0 0 0 0.874948 -0.484217
746 7.82435 8.71116 0 0 0 0.871119 -0.491071
747 7.65701 8.41286 0 0 0 0.871439 -0.490505
748 7.4877 8.11947 0 0 0 0.884963 -0.465661
749 7.80369 8.04954 0 0 0 -0.248743 0.968569
750 8.08886 7.90209 0 0 0 -0.243292 0.969953
751 8.38029 7.74593 0 0 0 -0.241312 0.970448
752 8.66655 7.59171 0 0 0 -0.256333 0.966589
753 8.98979 7.3918 0 0 0 -0.266059 0.963957
754 9.30362 7.23072 0 0 0 -0.264204 0.964467
755 9.61397 7.03677 0 0 0 -0.271153 0.962536
756 9.91838 6.84177 0 0 0 -0.287647 0.957736
757 10.1936 6.65423 0 0 0 -0.297143 0.954833
758 10.4518 6.47491 0 0 0 -0.30798 0.951393
759 10.713 6.28208 0 0 0 -0.337509 0.941322
760 10.9806 6.06305 0 0 0 -0.332424 0.94313
761 11.2369 5.84378 0 0 0 -0.339643 0.940555
762 11.4889 5.62395 0 0 0 -0.353484 0.935441
763 11.727 5.40252 0 0 0 -0.362993 0.931792
764 11.8069 5.3223 0 0 0 -0.360596 0.932722
765 12.0356 5.10328 0 0 0 -0.373874 0.92748
766 12.2677 4.87505 0 0 0 -0.390651 0.920539
767 12.4593 4.96932 0 0 0 0.494032 0.869444
768 12.6671 5.29933 0 0 0 0.486285 0.8738
769 12.8665 5.61403 0 0 0 0.464569 0.885537
770 13.0555 5.89577 0 0 0 0.459151 0.888358
771 13.297 6.22294 0 0 0 0.452764 0.89163
772 13.4503 6.43358 0 0 0 0.442057 0.896987
773 13.5142 6.52658 0 0 0 0.442588 0.896725
774 13.7175 6.77483 0 0 0 0.420441 0.90732
775 13.9491 7.03325 0 0 0 0.389915 0.920851
776 14.1949 7.28124 0 0 0 0.387408 0.921908
777 14.4052 7.59332 0 0 0 0.460267 0.887781
778 14.4727 7.69467 0 0 0 0.478329 0.878181
779 14.6321 8.00415 0 0 0 0.4975 0.867464
780 14.8097 8.29661 0 0 0 0.484157 0.874981
781 14.688 8.22155 0 0 0 0.997258 -0.0740013
782 14.6243 7.97068 0 0 0 0.918578 -0.395239
783 14.3997 7.73899 0 0 0 0.924446 -0.381313
784 14.1682 7.5179 0 0 0 0.925665 -0.378344
785 13.9214 7.2741 0 0 0 0.919238 -0.393703
786 14.0815 7.44305 0 0 0 0.923664 -0.383203
787 13.8304 7.18909 0 0 0 0.912899 -0.408185
788 13.6324 6.94068 0 0 0 0.905662 -0.424
789 13.5196 6.80257 0 0 0 0.899993 -0.435905
790 13.3361 6.49642 0 0 0 0.885133 -0.465339
791 13.1199 6.2698 0 0 0 0.889175 -0.457568
792 12.9211 5.98093 0 0 0 0.882623 -0.470082
793 13.0232 6.12651 0 0 0 0.88953 -0.456877
794 12.8066 5.79141 0 0 0 0.880454 -0.474131
795 12.7442 5.7025 0 0 0 0.874483 -0.485056
796 12.684 5.4368 0 0 0 -0.830804 0.556565
797 12.583 5.30098 0 0 0 -0.858141 0.513414
798 12.4023 4.97908 0 0 0 -0.86409 0.503337
799 12.2433 4.6992 0 0 0 -0.861359 0.507997
800 12.1938 4.60258 0 0 0 -0.85605 0.516893
801 12.0473 4.32862 0 0 0 -0.855015 0.518603
802 11.8663 4.02167 0 0 0 -0.865272 0.501303
803 12.105 3.89673 0 0 0 -0.218547 0.975827
804 12.4548 3.73413 0 0 0 -0.211277 0.977426
805 12.6262 3.66009 0 0 0 -0.210992 0.977488
806 12.9087 3.52933 0 0 0 -0.229993 0.973192
807 13.186 3.38215 0 0 0 -0.238234 0.971208
808 13.2966 3.32467 0 0 0 -0.243673 0.969857
809 13.6526 3.13492 0 0 0 -0.235348 0.971911
810 13.733 3.09457 0 0 0 -0.241012 0.970522
811 13.7219 3.11401 0 0 0 -0.320308 0.947314
812 13.8417 2.95377 0 0 0 -0.373563 0.927605
813 13.4714 3.08254 0 0 0 0.997444 0.0714501
814 13.3929 3.09681 0 0 0 0.998272 0.0587708
815 13.4269 3.0926 0 0 0 0.997855 0.0654599
816 13.1089 3.12971 0 0 0 0.998475 0.055199
817 12.7496 3.16785 0 0 0 0.999319 0.0368989
818 12.4249 3.20028 0 0 0 0.999845 0.0176045
819 11.9865 3.22112 0 0 0 0.999943 0.0106533
820 11.878 3.22483 0 0 0 0.999989 0.004691
821 11.5313 3.23897 0 0 0 0.99998 -0.00629027
822 11.2104 3.23506 0 0 0 0.999791 -0.0204387
823 11.1476 3.22831 0 0 0 0.999704 -0.0243281
824 10.9107 3.06115 0 0 0 0.891354 -0.453307
825 10.7339 2.81457 0 0 0 0.882956 -0.469456
826 10.5384 2.49992 0 0 0 0.872954 -0.487803
827 10.37 2.18732 0 0 0 -0.842228 0.539121
828 10.2563 1.92201 0 0 0 -0.832342 0.554263
829 10.1233 1.62177 0 0 0 -0.841139 0.540819
830 10.0773 1.53644 0 0 0 -0.842389 0.53887
831 9.99619 1.35524 0 0 0 -0.844314 0.535848
832 10.0452 1.45812 0 0 0 -0.846585 0.532253
833 9.88277 1.1297 0 0 0 -0.838253 0.545282
834 9.78833 0.834909 0 0 0 -0.817619 0.57576
835 9.7605 0.733495 0 0 0 -0.817177 0.576387
836 9.74428 0.677327 0 0 0 -0.815163 0.579232
837 9.63353 0.370028 0 0 0 -0.822429 0.568868
838 9.52898 0.0689892 0 0 0 -0.806466 0.591281
839 9.4252 -0.273472 0 0 0 -0.792545 0.609814
840 9.33693 -0.582215 0 0 0 -0.798008 0.602647
841 9.2214 -0.961821 0 0 0 -0.79708 0.603874
842 9.24387 -0.850761 0 0 0 -0.794872 0.606777
843 9.15357 -1.17007 0 0 0 -0.799248 0.601001
844 9.06642 -1.50815 0 0 0 -0.79463 0.607094
845 9.42898 -1.63842 0 0 0 -0.285018 0.958522
846 9.40008 -1.61073 0 0 0 -0.28865 0.957435
847 9.71688 -1.75461 0 0 0 -0.225317 0.974285
848 9.66434 -1.73096 0 0 0 -0.225605 0.974219
849 10.0011 -1.90095 0 0 0 -0.239428 0.970914
850 10.3086 -2.07349 0 0 0 -0.25773 0.966217
851 10.3864 -2.12011 0 0 0 -0.263585 0.964636
852 10.4326 -2.14927 0 0 0 -0.262232 0.965005
853 10.7028 -2.31765 0 0 0 -0.271311 0.962492
854 10.8478 -2.40857 0 0 0 -0.272647 0.962114
855 11.161 -2.6182 0 0 0 -0.299035 0.954242
856 11.2997 -2.71944 0 0 0 -0.308818 0.951121
857 11.2249 -2.66231 0 0 0 0.995915 0.0902935
858 10.8657 -2.59424 0 0 0 0.994546 0.104301
859 10.5239 -2.41826 0 0 0 0.980434 0.196847
860 10.4297 -2.37923 0 0 0 0.980219 0.197916
861 10.1121 -2.24561 0 0 0 0.984882 0.173229
862 10.0283 -2.21136 0 0 0 0.986499 0.163768
863 9.84971 -2.14277 0 0 0 0.987592 0.157042
864 9.54803 -2.04204 0 0 0 0.991423 0.130688
865 9.25357 -1.92256 0 0 0 0.983295 0.182018
866 8.90531 -1.77657 0 0 0 0.982436 0.186599
867 8.58997 -1.65475 0 0 0 0.989403 0.145198
868 8.4221 -1.91991 0 0 0 0.895333 -0.445397
869 8.19317 -2.2054 0 0 0 0.897316 -0.441389
870 7.97376 -2.48324 0 0 0 0.902139 -0.431446
871 8.18242 -2.5572 0 0 0 -0.189462 0.981888
872 8.55346 -2.74076 0 0 0 -0.234973 0.972002
873 8.60865 -2.77479 0 0 0 -0.225651 0.974208
874 8.92445 -2.93769 0 0 0 -0.212099 0.977248
875 9.18457 -3.14283 0 0 0 -0.345885 0.938277
876 9.42669 -3.35209 0 0 0 -0.356074 0.934458
877 9.68284 -3.58938 0 0 0 -0.349844 0.936808
878 9.7692 -3.66585 0 0 0 -0.350081 0.936719
879 9.98932 -3.85912 0 0 0 -0.340374 0.94029
880 10.2406 -4.06849 0 0 0 -0.338765 0.940871
881 10.5265 -4.30898 0 0 0 -0.345734 0.938333
882 10.6392 -4.40869 0 0 0 -0.348566 0.937284
883 10.781 -4.53441 0 0 0 -0.363577 0.931564
884 10.5301 -4.25792 0 0 0 -0.399583 0.916697
885 10.4135 -4.12897 0 0 0 -0.429469 0.903082
886 9.9596 -3.90551 0 0 0 0.959194 0.282748
887 9.67199 -3.71873 0 0 0 0.957078 0.289832
888 9.43128 -3.49681 0 0 0 0.946621 0.322348
889 9.15098 -3.28379 0 0 0 0.955275 0.295719
890 9.03209 -3.20656 0 0 0 0.957505 0.288416
891 8.72002 -3.00383 0 0 0 0.9678 0.251722
892 8.81949 -3.05746 0 0 0 0.965988 0.258588
893 8.52875 -2.89666 0 0 0 0.970951 0.239277
894 8.39367 -2.83391 0 0 0 0.973288 0.229587
895 8.04799 -2.67781 0 0 0 0.977314 0.211795
896 7.90352 -2.86739 0 0 0 -0.811454 0.584416
897 7.79184 -3.18597 0 0 0 -0.809849 0.586639
898 7.63438 -3.62248 0 0 0 -0.807841 0.5894
899 7.68339 -3.46537 0 0 0 -0.806153 0.591707
900 7.58996 -3.75099 0 0 0 -0.837513 0.546417
901 7.45379 -4.05215 0 0 0 -0.837752 0.54605
902 7.32015 -4.34266 0 0 0 -0.840849 0.54127
903 7.18534 -4.65375 0 0 0 -0.854574 0.51933
904 7.01887 -4.94107 0 0 0 0.866237 -0.499632
905 6.79125 -5.25066 0 0 0 0.874147 -0.485662
906 6.72219 -5.35338 0 0 0 0.879669 -0.475587
907 6.76309 -5.28981 0 0 0 0.879003 -0.476816
908 6.57223 -5.5915 0 0 0 -0.865128 0.501551
909 6.41551 -5.88342 0 0 0 -0.861757 0.507322
910 6.24477 -6.19544 0 0 0 0.872723 -0.488215
911 6.06889 -6.46735 0 0 0 0.876242 -0.481872
912 5.90436 -6.73515 0 0 0 0.872179 -0.489186
913 5.72855 -7.00626 0 0 0 0.881608 -0.471982
914 5.5078 -7.3208 0 0 0 0.88555 -0.464544
915 5.32198 -7.5549 0 0 0 0.894806 -0.446455
916 5.29551 -7.82384 0 0 0 -0.339344 0.940662
917 5.58092 -7.99615 0 0 0 -0.278532 0.960427
918 5.89884 -8.10497 0 0 0 -0.14009 0.990139
919 5.77507 -8.07322 0 0 0 -0.186829 0.982392
920 6.11279 -8.17152 0 0 0 -0.134106 0.990967
921 6.19932 -8.19416 0 0 0 -0.13312 0.9911
922 6.52239 -8.20518 0 0 0 -0.0142365 0.999899
923 6.92236 -8.16601 0 0 0 0.0500909 0.998745
924 7.01376 -8.15338 0 0 0 0.0670122 0.997752
925 7.35893 -8.13705 0 0 0 0.0486546 0.998816
926 7.71851 -8.16226 0 0 0 -0.11553 0.993304
927 8.02824 -8.34144 0 0 0 -0.265452 0.964124
928 8.32494 -8.50556 0 0 0 -0.211419 0.977395
929 8.02822 -8.41932 0 0 0 0.991749 0.128194
930 7.67959 -8.31756 0 0 0 0.98989 0.141838
931 7.3703 -8.22511 0 0 0 0.990043 0.140762
932 6.97674 -8.10165 0 0 0 0.988332 0.152316
933 6.70307 -8.02792 0 0 0 0.997103 0.0760595
934 6.38821 -8.01367 0 0 0 0.999724 0.0235128
935 6.05265 -8.01468 0 0 0 0.999953 0.00971915
936 5.93014 -8.01824 0 0 0 0.999907 0.013652
937 5.83753 -8.02154 0 0 0 0.999864 0.0164797
938 5.46249 -7.98456 0 0 0 0.998124 0.0612202
939 5.24138 -8.06043 0 0 0 -0.849208 0.528059
940 5.09036 -8.36638 0 0 0 -0.84784 0.530252
941 4.94335 -8.68836 0 0 0 -0.829283 0.55883
942 4.85199 -9.00141 0 0 0 -0.805788 0.592204
943 4.7439 -9.34171 0 0 0 -0.799778 0.600295
944 5.06065 -9.38743 0 0 0 -0.231715 0.972784
945 5.36151 -9.54332 0 0 0 -0.206848 0.978373
946 5.59991 -9.64962 0 0 0 -0.211351 0.97741
947 5.9306 -9.79025 0 0 0 -0.212179 0.977231
948 6.23717 -9.9259 0 0 0 -0.215759 0.976447
949 6.57557 -10.0842 0 0 0 -0.190621 0.981664
950 6.87277 -10.1989 0 0 0 -0.187294 0.982304
951 7.16846 -10.3229 0 0 0 -0.225758 0.974183
952 7.47597 -10.4806 0 0 0 -0.243642 0.969865
953 7.75682 -10.633 0 0 0 -0.211551 0.977367
954 7.79506 -10.6496 0 0 0 -0.212993 0.977054
955 7.60287 -10.5541 0 0 0 -0.237027 0.971503
956 7.50299 -10.4995 0 0 0 -0.246007 0.969268
957 7.45495 -10.4712 0 0 0 -0.25197 0.967735
958 7.17439 -10.2669 0 0 0 -0.29032 0.95693
959 6.8273 -9.99976 0 0 0 0.980423 0.196905
960 6.48598 -9.8526 0 0 0 0.98274 0.184992
961 6.16753 -9.73216 0 0 0 0.988622 0.150424
962 5.8367 -9.69331 0 0 0 0.999984 0.00563928
963 5.4697 -9.6904 0 0 0 0.999851 0.0172763
964 5.14332 -9.68554 0 0 0 0.999982 0.00604654
965 4.82011 -9.68892 0 0 0 0.999988 -0.00487248
966 4.50351 -9.69594 0 0 0 0.999641 -0.026775
967 4.46027 -9.75594 0 0 0 -0.796269 0.604942
968 4.50613 -9.94184 0 0 0 -0.671643 0.740875
969 4.53154 -10.2106 0 0 0 -0.681285 0.732018
970 4.49525 -10.6254 0 0 0 -0.727885 0.6857
971 4.50257 -10.5131 0 0 0 -0.726436 0.687234
972 4.47764 -10.8425 0 0 0 -0.725496 0.688226
973 4.46 -11.1606 0 0 0 -0.741474 0.670981
974 4.41272 -11.5109 0 0 0 -0.747899 0.663813
975 4.43691 -11.3332 0 0 0 -0.746459 0.665432
976 4.38775 -11.6492 0 0 0 -0.74609 0.665845
977 4.35538 -12.0501 0 0 0 -0.724645 0.689122
978 4.33226 -12.4032 0 0 0 -0.731766 0.681556
979 4.32473 -12.4576 0 0 0 -0.729091 0.684417
980 4.33213 -12.8198 0 0 0 -0.709303 0.704904
981 4.32723 -13.2 0 0 0 -0.717203 0.696864
982 4.33273 -12.9703 0 0 0 -0.706523 0.70769
983 4.32327 -13.2852 0 0 0 -0.714506 0.699629
984 4.22975 -13.0343 0 0 0 0.768683 0.63963
985 4.19848 -12.6037 0 0 0 0.75233 0.658787
986 4.19488 -12.5033 0 0 0 0.754608 0.656176
987 4.18897 -12.4376 0 0 0 0.757768 0.652524
988 4.09631 -12.0393 0 0 0 0.791212 0.611543
989 4.05276 -11.8943 0 0 0 0.790053 0.613039
990 4.04326 -11.8232 0 0 0 0.792631 0.609702
991 3.96229 -11.5401 0 0 0 0.800827 0.598896
992 3.83678 -11.1733 0 0 0 0.820972 0.570968
993 3.82318 -11.1274 0 0 0 0.819414 0.573202
994 3.78829 -11.0226 0 0 0 0.815043 0.579401
995 3.7411 -10.7104 0 0 0 0.767712 0.640795
996 3.65705 -10.3655 0 0 0 0.778354 0.627825
997 3.61076 -10.1468 0 0 0 0.772522 0.634988
998 3.53143 -9.82894 0 0 0 0.792244 0.610205
999 3.43566 -9.50482 0 0 0 0.802244 0.596996
1000 3.35223 -9.15578 0 0 0 0.795171 0.606385
1001 3.24184 -8.82143 0 0 0 0.810409 0.585865
1002 3.14438 -8.51792 0 0 0 0.808286 0.58879
1003 3.08995 -8.14765 0 0 0 0.732266 0.681018
1004 2.95032 -8.52556 0 0 0 -0.796303 0.604898
1005 2.84225 -8.90024 0 0 0 -0.809203 0.587529
1006 2.70097 -9.1699 0 0 0 -0.852864 0.522133
1007 2.51909 -9.53487 0 0 0 -0.845766 0.533555
1008 2.40645 -9.81047 0 0 0 -0.822251 0.569125
1009 2.2917 -10.136 0 0 0 -0.826058 0.563586
1010 2.26273 -10.2251 0 0 0 -0.834803 0.550548
1011 2.0516 -10.5837 0 0 0 -0.854738 0.51906
1012 1.98667 -10.7236 0 0 0 -0.847234 0.531221
1013 1.85426 -11.0219 0 0 0 -0.832247 0.554406
1014 1.69445 -11.3059 0 0 0 0.873828 -0.486235
1015 1.53043 -11.579 0 0 0 0.872447 -0.488708
1016 1.36638 -11.8533 0 0 0 -0.859813 0.510608
1017 1.21639 -12.1262 0 0 0 -0.857708 0.514137
1018 1.05145 -12.4127 0 0 0 0.866038 -0.499979
1019 0.876179 -12.7161 0 0 0 -0.865162 0.501492
1020 0.821901 -12.8184 0 0 0 -0.862795 0.505554
1021 0.715325 -13.0261 0 0 0 -0.848699 0.528876
1022 0.742949 -13.0906 0 0 0 0.347953 0.937512
1023 0.828176 -12.7471 0 0 0 0.58105 0.813868
1024 0.944613 -12.3864 0 0 0 0.601999 0.798497
1025 1.03952 -12.055 0 0 0 0.585654 0.810561
1026 1.14727 -11.7429 0 0 0 0.581208 0.813755
1027 1.25303 -11.4056 0 0 0 0.603816 0.797124
1028 1.28564 -11.3123 0 0 0 0.606866 0.794804
1029 1.38048 -10.9763 0 0 0 0.614482 0.78893
1030 1.40361 -10.8571 0 0 0 0.618326 0.785922
1031 1.49439 -10.409 0 0 0 0.63063 0.776084
1032 1.45832 -10.519 0 0 0 0.631369 0.775482
1033 1.53046 -10.1953 0 0 0 0.628747 0.77761
1034 1.5975 -9.86701 0 0 0 0.630877 0.775883
1035 1.49139 -9.63516 0 0 0 0.990182 0.139785
1036 1.3961 -9.60772 0 0 0 0.991153 0.132727
1037 1.07022 -9.51725 0 0 0 0.991172 0.132584
1038 1.2395 -9.56022 0 0 0 0.99056 0.13708
1039 0.869376 -9.45397 0 0 0 0.990882 0.134731
1040 0.541501 -9.35011 0 0 0 0.989307 0.145846
1041 0.419876 -9.7033 0 0 0 -0.857175 0.515025
1042 0.276671 -9.96298 0 0 0 -0.861764 0.507309
1043 0.0653108 -10.2479 0 0 0 0.877296 -0.47995
1044 -0.10367 -10.5363 0 0 0 -0.856029 0.516928
1045 -0.246327 -10.8232 0 0 0 -0.84509 0.534625
1046 -0.191206 -10.4894 0 0 0 0.581547 0.813513
1047 -0.0158632 -10.2138 0 0 0 0.522452 0.852669
1048 0.0164426 -10.0995 0 0 0 0.524317 0.851523
1049 0.189528 -9.73906 0 0 0 0.511075 0.859536
1050 0.173507 -9.78462 0 0 0 0.516693 0.856171
1051 0.369525 -9.45984 0 0 0 0.491306 0.870987
1052 0.389657 -9.42992 0 0 0 0.490438 0.871476
1053 0.464931 -9.31944 0 0 0 0.487048 0.873375
1054 0.32111 -9.16203 0 0 0 0.995779 0.0917849
1055 -0.00774422 -9.09599 0 0 0 0.993074 0.117493
1056 -0.322087 -9.00139 0 0 0 0.990309 0.138882
1057 -0.690483 -8.88121 0 0 0 0.989936 0.141519
1058 -0.947981 -8.80936 0 0 0 0.994121 0.108278
1059 -0.781099 -8.84225 0 0 0 0.99122 0.132225
1060 -1.11267 -8.76821 0 0 0 0.993788 0.11129
1061 -1.20624 -8.74212 0 0 0 0.990739 0.135778
1062 -1.49345 -8.59672 0 0 0 0.982266 0.187493
1063 -1.80779 -8.4794 0 0 0 0.985006 0.172521
1064 -1.88529 -8.44492 0 0 0 0.986169 0.16574
1065 -2.19185 -8.34463 0 0 0 0.991894 0.127071
1066 -2.04784 -8.38477 0 0 0 0.988903 0.148564
1067 -2.36409 -8.29886 0 0 0 0.986533 0.163565
1068 -2.63287 -8.14468 0 0 0 0.974048 0.226339
1069 -2.96409 -7.97967 0 0 0 0.976314 0.216359
1070 -3.22135 -7.87229 0 0 0 0.984674 0.174405
1071 -3.49094 -7.78354 0 0 0 0.990609 0.136727
1072 -3.26501 -7.85097 0 0 0 0.986919 0.161215
1073 -3.73232 -7.7092 0 0 0 0.993554 0.113362
1074 -4.09494 -7.54829 0 0 0 0.983699 0.179825
1075 -4.46739 -7.41275 0 0 0 0.988244 0.152884
1076 -4.75101 -7.32631 0 0 0 0.991857 0.127359
1077 -4.86695 -7.62675 0 0 0 -0.826802 0.562493
1078 -4.88974 -7.69312 0 0 0 -0.825417 0.564524
1079 -5.00901 -7.99576 0 0 0 -0.830381 0.557196
1080 -4.98553 -7.94518 0 0 0 -0.828873 0.559436
1081 -5.14421 -8.25985 0 0 0 -0.83606 0.548638
1082 -5.07583 -7.91132 0 0 0 0.655276 0.755389
1083 -5.02133 -7.57038 0 0 0 0.64309 0.765791
1084 -4.96581 -7.24842 0 0 0 0.633966 0.773361
1085 -4.88452 -6.85328 0 0 0 0.628024 0.778194
1086 -5.07922 -6.87226 0 0 0 0.983499 0.180914
1087 -5.45243 -6.72679 0 0 0 0.98678 0.162068
1088 -5.76129 -6.63158 0 0 0 0.989563 0.1441
1089 -5.91656 -6.57407 0 0 0 0.990298 0.138957
1090 -6.06456 -6.79603 0 0 0 -0.838749 0.544518
1091 -6.20706 -7.10748 0 0 0 -0.837062 0.547108
1092 -6.32867 -7.39809 0 0 0 -0.823373 0.567501
1093 -6.44181 -7.69885 0 0 0 -0.825155 0.564906
1094 -6.48398 -7.80892 0 0 0 -0.830111 0.557598
1095 -6.61225 -8.10403 0 0 0 -0.828034 0.560678
1096 -6.72899 -8.40379 0 0 0 -0.816484 0.577369
1097 -6.64844 -8.15442 0 0 0 -0.826715 0.562621
1098 -6.79528 -8.50079 0 0 0 -0.84084 0.541284
1099 -6.86853 -8.65953 0 0 0 -0.851478 0.52439
1100 -7.22446 -8.65823 0 0 0 0.998869 -0.0475458
1101 -7.13239 -8.64927 0 0 0 0.998667 -0.0516076
1102 -7.47615 -8.67963 0 0 0 0.999258 -0.0385209
1103 -7.85595 -8.70955 0 0 0 0.998946 -0.045899
1104 -7.79479 -8.57299 0 0 0 0.231967 0.972724
1105 -7.6173 -8.48457 0 0 0 0.21772 0.976011
1106 -7.32891 -8.35135 0 0 0 0.227185 0.973852
1107 -7.01275 -8.19659 0 0 0 0.255747 0.966744
1108 -6.88378 -8.12353 0 0 0 0.259109 0.965848
1109 -6.7094 -7.877 0 0 0 0.569741 0.821824
1110 -6.62233 -7.64882 0 0 0 0.574758 0.818323
1111 -6.4982 -7.31994 0 0 0 0.580852 0.814009
1112 -6.38207 -6.98617 0 0 0 0.595968 0.803008
1113 -6.33674 -6.82585 0 0 0 0.605067 0.796175
1114 -6.49754 -6.76587 0 0 0 0.959116 0.283013
1115 -6.81026 -6.55677 0 0 0 0.959401 0.282045
1116 -7.13124 -6.35242 0 0 0 0.966332 0.257298
1117 -7.38534 -6.20921 0 0 0 0.971691 0.236255
1118 -7.69258 -6.0509 0 0 0 0.974792 0.223116
1119 -7.97754 -5.90811 0 0 0 0.978048 0.208378
1120 -8.29043 -5.77124 0 0 0 0.984343 0.176262
1121 -8.62398 -5.65605 0 0 0 0.987903 0.155071
1122 -8.92801 -5.55967 0 0 0 0.991036 0.133598
1123 -9.2544 -5.47077 0 0 0 0.99348 0.114011
1124 -9.58701 -5.36492 0 0 0 0.984792 0.173737
1125 -9.89807 -5.22247 0 0 0 0.98123 0.19284
1126 -10.1914 -5.09312 0 0 0 0.982935 0.183955
1127 -10.5171 -4.96595 0 0 0 0.985501 0.16967
1128 -10.8406 -4.85799 0 0 0 0.99065 0.136426
1129 -11.1546 -4.7612 0 0 0 0.992019 0.126087
1130 -11.475 -4.6834 0 0 0 0.993432 0.114427
1131 -11.8416 -4.60602 0 0 0 0.995671 0.0929521
1132 -11.936 -4.58164 0 0 0 0.996375 0.0850675
1133 -11.9256 -4.78529 0 0 0 -0.819263 0.573418
1134 -12.068 -5.16939 0 0 0 -0.824689 0.565586
1135 -12.2546 -5.45956 0 0 0 0.872309 -0.488954
1136 -12.4164 -5.7357 0 0 0 0.869772 -0.493453
1137 -12.4605 -5.81935 0 0 0 -0.864838 0.502051
1138 -12.6274 -6.12438 0 0 0 -0.864025 0.503449
1139 -12.5616 -6.00934 0 0 0 0.488262 0.872697
1140 -12.3311 -5.65191 0 0 0 0.482126 0.876102
1141 -12.1428 -5.338 0 0 0 0.486784 0.873522
1142 -11.9141 -5.01914 0 0 0 0.47838 0.878153
1143 -11.7354 -4.73901 0 0 0 0.473128 0.880994
1144 -11.5681 -4.46966 0 0 0 0.479879 0.877335
1145 -11.8865 -4.35123 0 0 0 0.974867 0.222787
1146 -12.2089 -4.15773 0 0 0 0.961074 0.27629
1147 -12.4982 -3.96091 0 0 0 0.957037 0.289967
1148 -12.7657 -3.78166 0 0 0 0.966264 0.257555
1149 -13.0875 -3.65568 0 0 0 0.977773 0.209666
1150 -13.374 -3.49643 0 0 0 0.975892 0.218256
1151 -13.5081 -3.42542 0 0 0 0.974731 0.22338
1152 -13.8151 -3.27345 0 0 0 0.975897 0.21823
1153 -14.1307 -3.12894 0 0 0 0.978713 0.205231
1154 -14.4234 -2.99768 0 0 0 0.97845 0.206484
1155 -14.5293 -2.94672 0 0 0 0.977445 0.211191
1156 -14.8728 -2.7751 0 0 0 0.974466 0.224533
1157 -15.1637 -2.62399 0 0 0 0.975096 0.221782
1158 -15.5022 -2.45453 0 0 0 0.972564 0.232637
1159 -15.798 -2.26777 0 0 0 0.968487 0.249064
1160 -15.9992 -2.1576 0 0 0 0.968841 0.247683
1161 -16.281 -2.00848 0 0 0 0.971696 0.236234
1162 -16.6325 -1.81956 0 0 0 0.966343 0.257256
1163 -16.2784 -1.95268 0 0 0 -0.231085 0.972934
1164 -16.2189 -1.98384 0 0 0 -0.235288 0.971926
1165 -15.8997 -2.15712 0 0 0 -0.237307 0.971435
1166 -15.842 -2.18899 0 0 0 -0.237082 0.97149
1167 -15.477 -2.37895 0 0 0 -0.222668 0.974894
1168 -15.1911 -2.52484 0 0 0 -0.235781 0.971806
1169 -15.0894 -2.58006 0 0 0 -0.239863 0.970807
1170 -15.1846 -2.52407 0 0 0 -0.233564 0.972341
1171 -14.8549 -2.69163 0 0 0 -0.244566 0.969633
1172 -14.5763 -2.83633 0 0 0 -0.239397 0.970922
1173 -14.2739 -2.99355 0 0 0 -0.235366 0.971907
1174 -13.9915 -3.14671 0 0 0 -0.256147 0.966638
1175 -13.6008 -3.38672 0 0 0 -0.255631 0.966774
1176 -13.512 -3.43788 0 0 0 -0.251521 0.967852
1177 -13.3166 -2.87461 0 0 0 0.580982 0.813916
1178 -13.4136 -3.15618 0 0 0 0.567988 0.823037
1179 -13.1822 -2.65642 0 0 0 0.541685 0.840582
1180 -13.1376 -2.56192 0 0 0 0.530896 0.847437
1181 -12.9843 -2.24572 0 0 0 0.526347 0.85027
1182 -12.842 -1.95325 0 0 0 0.538459 0.842652
1183 -12.6846 -1.61484 0 0 0 0.546293 0.837594
1184 -12.6322 -1.49707 0 0 0 0.538664 0.84252
1185 -12.4808 -1.20218 0 0 0 0.52044 0.853898
1186 -12.4621 -1.17655 0 0 0 0.525113 0.851032
1187 -12.2885 -0.824446 0 0 0 0.5315 0.847058
1188 -12.2477 -0.742424 0 0 0 0.536049 0.844187
1189 -12.1038 -0.429932 0 0 0 0.541118 0.840947
1190 -11.9729 -0.137495 0 0 0 0.518392 0.855143
1191 -11.8157 0.150716 0 0 0 0.514267 0.85763
1192 -11.7573 0.236125 0 0 0 0.511465 0.859304
1193 -11.602 0.565057 0 0 0 0.520577 0.853814
1194 -11.4976 0.772538 0 0 0 0.512026 0.85897
1195 -11.3146 1.05061 0 0 0 0.492549 0.870285
1196 -11.1483 1.32824 0 0 0 0.490095 0.871669
1197 -10.9721 1.64308 0 0 0 0.495377 0.868678
1198 -10.9399 1.70615 0 0 0 0.493608 0.869685
1199 -11.2607 1.85281 0 0 0 0.978681 0.205385
1200 -11.5661 1.97612 0 0 0 0.975747 0.218903
1201 -11.8742 2.13308 0 0 0 0.977557 0.210671
1202 -12.1883 2.28274 0 0 0 0.974454 0.224589
1203 -12.4968 2.44492 0 0 0 0.97007 0.242826
1204 -12.844 2.64066 0 0 0 0.976387 0.216027
1205 -13.0764 2.74856 0 0 0 0.982194 0.187868
1206 -13.3986 2.8825 0 0 0 0.980291 0.197559
1207 -13.4477 2.9075 0 0 0 0.979556 0.201174
1208 -13.7137 3.03427 0 0 0 0.980424 0.196899
1209 -13.9178 3.12305 0 0 0 0.984239 0.176842
1210 -13.5842 2.97695 0 0 0 -0.265314 0.964162
1211 -13.2546 2.77221 0 0 0 -0.26626 0.963901
1212 -13.0256 2.62768 0 0 0 -0.294301 0.955713
1213 -12.7213 2.4212 0 0 0 -0.293303 0.95602
1214 -12.362 2.41279 0 0 0 -0.0773616 0.997003
1215 -12.0359 2.3563 0 0 0 -0.0999698 0.99499
1216 -11.6888 2.2766 0 0 0 -0.133526 0.991045
1217 -11.51 2.20859 0 0 0 -0.154612 0.987975
1218 -11.212 2.08522 0 0 0 -0.213747 0.976889
1219 -10.955 1.91024 0 0 0 -0.321341 0.946964
1220 -10.658 1.66674 0 0 0 -0.349602 0.936898
1221 -10.4213 1.44614 0 0 0 -0.363708 0.931513
1222 -10.5798 1.21809 0 0 0 0.923295 -0.384093
1223 -10.7892 1.02969 0 0 0 0.923379 -0.383889
1224 -11.0716 0.773559 0 0 0 0.934484 -0.356004
1225 -11.1829 0.676581 0 0 0 0.937196 -0.348802
1226 -11.4555 0.457377 0 0 0 0.942732 -0.333551
1227 -11.7151 0.257166 0 0 0 0.938364 -0.345647
1228 -11.9847 0.02001 0 0 0 0.922962 -0.38489
1229 -12.1552 -0.250508 0 0 0 0.870876 -0.491503
1230 -12.3367 -0.545831 0 0 0 -0.854836 0.518898
1231 -12.4509 -0.858064 0 0 0 -0.79622 0.605008
1232 -12.4955 -1.2125 0 0 0 -0.757933 0.652332
1233 -12.3448 -1.32675 0 0 0 -0.446153 0.894957
1234 -12.134 -1.61072 0 0 0 -0.464827 0.885401
1235 -11.8954 -1.97532 0 0 0 -0.455387 0.890293
1236 -11.8686 -2.017 0 0 0 -0.453664 0.891173
1237 -11.6874 -2.27592 0 0 0 -0.464065 0.885801
1238 -11.5043 -2.55315 0 0 0 -0.485173 0.874418
1239 -11.3177 -2.83082 0 0 0 -0.4733 0.880901
1240 -11.151 -3.10576 0 0 0 -0.497904 0.867232
1241 -10.9905 -3.40891 0 0 0 -0.516323 0.856394
1242 -10.9312 -3.54094 0 0 0 -0.509549 0.860442
1243 -10.7427 -3.90322 0 0 0 -0.506205 0.862413
1244 -10.6826 -3.98482 0 0 0 -0.504601 0.863353
1245 -10.5101 -4.2807 0 0 0 -0.503596 0.863939
1246 -10.289 -4.48006 0 0 0 -0.160847 0.986979
1247 -10.3586 -4.45386 0 0 0 -0.165054 0.986285
1248 -10.0168 -4.57349 0 0 0 -0.170421 0.985371
1249 -9.71111 -4.68069 0 0 0 -0.15218 0.988353
1250 -9.40074 -4.74707 0 0 0 -0.133612 0.991034
1251 -9.04504 -4.84171 0 0 0 -0.128704 0.991683
1252 -8.99382 -4.85156 0 0 0 -0.128184 0.99175
1253 -8.60376 -4.97231 0 0 0 -0.141938 0.989876
1254 -8.89293 -4.90098 0 0 0 -0.131462 0.991321
1255 -8.52864 -5.00818 0 0 0 -0.141404 0.989952
1256 -8.42527 -5.03803 0 0 0 -0.140444 0.990089
1257 -8.11809 -5.12807 0 0 0 -0.129012 0.991643
1258 -7.80861 -5.21829 0 0 0 -0.12333 0.992366
1259 -7.51461 -5.29472 0 0 0 -0.139929 0.990162
1260 -7.27227 -5.48778 0 0 0 -0.312359 0.949964
1261 -6.92492 -5.72947 0 0 0 -0.286853 0.957975
1262 -6.84087 -5.77969 0 0 0 -0.282265 0.959337
1263 -6.56585 -5.95479 0 0 0 -0.277195 0.960814
1264 -6.26387 -6.14117 0 0 0 -0.270505 0.962718
1265 -5.94359 -6.33407 0 0 0 -0.273104 0.961985
1266 -5.64649 -6.51683 0 0 0 -0.282061 0.959397
1267 -5.49583 -6.60771 0 0 0 -0.289015 0.957325
1268 -5.23437 -6.79063 0 0 0 -0.300004 0.953938
1269 -4.90931 -6.88709 0 0 0 -0.0548639 0.998494
1270 -4.60169 -6.9328 0 0 0 -0.0801412 0.996784
1271 -4.27531 -7.04144 0 0 0 -0.16579 0.986161
1272 -3.94086 -7.17629 0 0 0 -0.206246 0.9785
1273 -3.63586 -7.31225 0 0 0 -0.206363 0.978476
1274 -3.32019 -7.45812 0 0 0 -0.22113 0.975244
1275 -2.89018 -7.66055 0 0 0 -0.23627 0.971687
1276 -3.19901 -7.5056 0 0 0 -0.225621 0.974215
1277 -2.86022 -7.67416 0 0 0 -0.24308 0.970006
1278 -2.55309 -7.84238 0 0 0 -0.235506 0.971873
1279 -2.26806 -7.9894 0 0 0 -0.248701 0.96858
1280 -1.97294 -8.15442 0 0 0 -0.261082 0.965317
1281 -1.69808 -8.31364 0 0 0 -0.271072 0.962559
1282 -1.40547 -8.49735 0 0 0 -0.278725 0.960371
1283 -1.09962 -8.69275 0 0 0 -0.302087 0.95328
1284 -1.02228 -8.74306 0 0 0 -0.299407 0.954125
1285 -0.777744 -8.91068 0 0 0 -0.305877 0.952071
1286 -0.245819 -8.94825 0 0 0 -0.0355903 0.999366
1287 -0.504031 -8.92468 0 0 0 -0.0369397 0.999317
1288 -0.140211 -8.94865 0 0 0 -0.0370921 0.999312
1289 -0.0729352 -8.95339 0 0 0 -0.035013 0.999387
1290 0.269314 -8.9684 0 0 0 -0.0417932 0.999126
1291 0.608328 -8.99402 0 0 0 -0.0487702 0.99881
1292 0.996388 -9.04126 0 0 0 -0.0537467 0.998555
1293 1.32554 -9.07497 0 0 0 -0.0511934 0.998689
1294 1.65683 -9.10625 0 0 0 -0.0496658 0.998766
1295 1.98402 -9.14633 0 0 0 -0.0644 0.997924
1296 2.06154 -9.14677 0 0 0 -0.07138 0.997449
1297 2.37833 -9.20408 0 0 0 -0.102632 0.994719
1298 2.71326 -9.28581 0 0 0 -0.116545 0.993185
1299 3.02028 -9.36702 0 0 0 -0.130786 0.991411
1300 3.33235 -9.45674 0 0 0 -0.151039 0.988528
1301 3.67052 -9.56995 0 0 0 -0.166963 0.985963
1302 3.9733 -9.67466 0 0 0 -0.18114 0.983457
1303 4.29685 -9.80133 0 0 0 -0.181782 0.983339
1304 4.44546 -9.57738 0 0 0 0.593127 0.805109
1305 4.54106 -9.27905 0 0 0 0.599526 0.800355
1306 4.57835 -9.16222 0 0 0 0.594441 0.80414
1307 4.72901 -8.80988 0 0 0 0.52016 0.854069
1308 4.89374 -8.50379 0 0 0 0.521144 0.853469
1309 5.03592 -8.21865 0 0 0 0.539013 0.842298
1310 5.18864 -7.91311 0 0 0 0.520948 0.853588
1311 5.37443 -7.58577 0 0 0 0.502822 0.86439
1312 5.43604 -7.47832 0 0 0 0.494828 0.868991
1313 5.65226 -7.13057 0 0 0 0.483665 0.875253
1314 5.78427 -6.919 0 0 0 0.480952 0.876747
1315 5.64151 -7.14725 0 0 0 0.483631 0.875272
1316 5.92692 -6.70341 0 0 0 0.47394 0.880557
1317 6.1335 -6.39421 0 0 0 0.47572 0.879597
1318 6.28599 -6.09918 0 0 0 0.520964 0.853579
1319 6.45292 -5.78703 0 0 0 0.518586 0.855026
1320 6.64978 -5.48788 0 0 0 0.496953 0.867778
1321 6.81674 -5.20966 0 0 0 0.490022 0.87171
1322 6.98938 -4.93373 0 0 0 0.464543 0.88555
1323 7.07763 -4.80496 0 0 0 0.446207 0.89493
1324 7.06032 -4.77523 0 0 0 0.63345 0.773784
1325 7.12645 -4.50176 0 0 0 0.640484 0.767971
1326 7.20391 -4.11637 0 0 0 0.636969 0.77089
1327 7.28526 -3.73988 0 0 0 0.622658 0.782494
1328 7.33562 -3.5437 0 0 0 0.595956 0.803017
1329 7.4732 -3.26421 0 0 0 0.57471 0.818357
1330 7.65071 -2.83175 0 0 0 0.516001 0.856588
1331 7.51327 -3.17195 0 0 0 0.57592 0.817506
1332 7.61529 -2.89034 0 0 0 0.537626 0.843183
1333 7.80416 -2.61438 0 0 0 0.467394 0.884049
1334 7.99601 -2.35881 0 0 0 0.44119 0.897414
1335 8.32603 -1.95515 0 0 0 0.441721 0.897152
1336 8.0764 -2.28032 0 0 0 0.439638 0.898175
1337 8.27763 -2.02849 0 0 0 0.434937 0.900461
1338 8.45568 -1.73737 0 0 0 0.552494 0.833517
1339 8.42152 -1.82597 0 0 0 0.513108 0.858324
1340 8.56215 -1.53826 0 0 0 0.550874 0.834588
1341 8.68181 -1.24274 0 0 0 0.581511 0.813538
1342 8.79187 -0.947035 0 0 0 0.563361 0.826211
1343 8.82458 -0.865627 0 0 0 0.575559 0.81776
1344 8.96056 -0.519609 0 0 0 0.546845 0.837234
1345 9.12207 -0.201676 0 0 0 0.512755 0.858535
1346 9.28751 0.0815225 0 0 0 0.500567 0.865698
1347 9.46261 0.384114 0 0 0 0.50298 0.864298
1348 9.6274 0.656316 0 0 0 0.484022 0.875056
1349 9.85447 0.994323 0 0 0 0.459277 0.888293
1350 9.9874 1.18106 0 0 0 0.451083 0.892482
1351 10.2097 1.47471 0 0 0 0.444626 0.895716
1352 10.4447 1.76858 0 0 0 0.420984 0.907068
1353 10.7244 2.15462 0 0 0 0.465233 0.885188
1354 10.6557 2.04431 0 0 0 0.445931 0.895067
1355 10.8625 2.3344 0 0 0 0.452042 0.891997
1356 11.0909 2.62887 0 0 0 0.443083 0.89648
1357 11.293 2.89588 0 0 0 0.452495 0.891767
1358 11.4645 3.2038 0 0 0 0.488617 0.872499
1359 11.6653 3.46254 0 0 0 0.46729 0.884104
1360 11.795 3.7719 0 0 0 0.540086 0.84161
1361 11.8445 3.88031 0 0 0 0.549823 0.835281
1362 11.8883 3.9766 0 0 0 0.556792 0.830652
1363 12.0258 4.30007 0 0 0 0.542862 0.839822
1364 12.1546 4.58894 0 0 0 0.521202 0.853433
1365 12.3218 4.88676 0 0 0 0.516687 0.856174
1366 12.4622 5.20203 0 0 0 0.518636 0.854995
1367 12.447 5.37191 0 0 0 0.989503 0.144512
1368 12.0999 5.4784 0 0 0 0.988785 0.149344
1369 11.7187 5.62765 0 0 0 0.990976 0.13404
1370 11.6204 5.66606 0 0 0 0.991201 0.132365
1371 11.2889 5.84993 0 0 0 0.968073 0.250668
1372 11.0819 5.96532 0 0 0 0.961986 0.273099
1373 10.7555 6.1748 0 0 0 0.959435 0.281931
1374 10.494 6.3391 0 0 0 0.967386 0.253308
1375 10.1971 6.50694 0 0 0 0.967027 0.254674
1376 10.0168 6.61074 0 0 0 0.967597 0.2525
1377 9.75327 6.76162 0 0 0 0.970643 0.240526
1378 9.42215 6.94939 0 0 0 0.967815 0.251663
1379 9.13823 7.14104 0 0 0 0.965517 0.260339
1380 8.87786 7.29163 0 0 0 0.968178 0.250261
1381 8.61664 7.43895 0 0 0 0.971692 0.236251
1382 8.23353 7.64658 0 0 0 0.969847 0.243713
1383 8.11221 7.71388 0 0 0 0.969279 0.245965
1384 7.8334 7.86556 0 0 0 0.970551 0.240896
1385 7.53527 8.01389 0 0 0 0.974286 0.225314
1386 6.97655 8.31249 0 0 0 0.974869 0.222779
1387 7.32946 8.13196 0 0 0 0.974406 0.224795
1388 6.86462 8.3631 0 0 0 0.975136 0.221606
1389 7.28086 8.16365 0 0 0 0.974474 0.2245
1390 6.70519 8.44538 0 0 0 0.977196 0.21234
1391 6.79091 8.40351 0 0 0 0.975733 0.218965
1392 6.48557 8.53859 0 0 0 0.979623 0.200845
1393 6.13171 8.69332 0 0 0 0.978449 0.206488
1394 5.91256 8.79773 0 0 0 0.977897 0.209088
1395 5.5627 8.95328 0 0 0 0.980046 0.19877
1396 5.25306 9.08608 0 0 0 0.983796 0.179292
1397 4.94271 9.20779 0 0 0 0.985078 0.172109
1398 4.85585 9.24334 0 0 0 0.984574 0.17497
1399 4.57617 9.34074 0 0 0 0.986717 0.162449
1400 4.24912 9.44561 0 0 0 0.989986 0.141166
1401 3.92097 9.54876 0 0 0 0.989935 0.141522
1402 3.83718 9.5742 0 0 0 0.989145 0.146944
1403 3.53244 9.70304 0 0 0 0.987808 0.155677
1404 3.20402 9.81236 0 0 0 0.986809 0.161887
1405 2.89747 9.91828 0 0 0 0.988353 0.152179
1406 2.56968 10.022 0 0 0 0.989606 0.143807
1407 2.24161 10.1365 0 0 0 0.98877 0.149447
1408 1.93187 10.2412 0 0 0 0.987685 0.156456
1409 1.62394 10.3521 0 0 0 0.988497 0.151241
1410 1.29303 10.4615 0 0 0 0.990836 0.13507
1411 0.986565 10.5582 0 0 0 0.989573 0.144032
1412 0.658269 10.6621 0 0 0 0.988135 0.15359
1413 0.319122 10.7631 0 0 0 0.98962 0.143709
1414 0.00477626 10.8564 0 0 0 0.990391 0.138295
1415 -0.335142 10.9602 0 0 0 0.988851 0.148906
1416 -0.698209 11.0817 0 0 0 0.98858 0.150694
1417 -0.8358 11.1329 0 0 0 0.990015 0.140959
1418 -1.51648 11.3478 0 0 0 0.993427 0.114467
1419 -1.1159 11.2508 0 0 0 0.99204 0.125925
1420 -1.54302 11.356 0 0 0 0.993452 0.114254
1421 -1.65557 11.3808 0 0 0 0.993403 0.11468
1422 -1.87897 11.4333 0 0 0 0.992615 0.121311
1423 -2.18112 11.5426 0 0 0 0.990626 0.136604
1424 -2.51825 11.6369 0 0 0 0.990866 0.134853
1425 -2.84011 11.5144 0 0 0 0.956829 -0.290653
1426 -3.1248 11.3193 0 0 0 0.954591 -0.297919
1427 -3.41312 11.1343 0 0 0 0.956534 -0.29162
1428 -3.73383 11.0256 0 0 0 0.988609 -0.150505
1429 -4.06925 10.9167 0 0 0 0.985388 -0.170325
1430 -4.37683 10.8017 0 0 0 0.981038 -0.193814
1431 -4.53633 10.7372 0 0 0 0.982008 -0.188837
1432 -4.87186 10.6788 0 0 0 0.994173 -0.107793
1433 -5.18959 10.6133 0 0 0 0.993355 -0.115094
1434 -5.52633 10.5311 0 0 0 0.990289 -0.139022
1435 -5.86174 10.4357 0 0 0 0.987818 -0.155614
1436 -6.24504 10.3109 0 0 0 0.983277 -0.182115
1437 -6.5126 10.2079 0 0 0 0.980069 -0.198657
1438 -6.40161 10.2553 0 0 0 0.980985 -0.194083
1439 -6.74292 10.1121 0 0 0 0.975539 -0.219826
1440 -7.04643 9.96759 0 0 0 0.968841 -0.247683
1441 -7.36123 9.7784 0 0 0 0.963108 -0.269115
1442 -7.48198 9.49778 0 0 0 -0.849229 0.528024
1443 -7.70981 8.98313 0 0 0 -0.824932 0.565231
1444 -7.60539 9.23184 0 0 0 -0.837692 0.546143
1445 -7.84308 8.68295 0 0 0 -0.838749 0.544519
1446 -7.69135 9.04177 0 0 0 -0.82933 0.558759
1447 -7.90615 8.51736 0 0 0 -0.840901 0.541189
1448 -7.94416 8.41464 0 0 0 -0.841237 0.540666
1449 -8.09438 8.1024 0 0 0 -0.843842 0.536592
1450 -8.21251 7.82503 0 0 0 -0.823754 0.566948
1451 -8.31882 7.52346 0 0 0 -0.804695 0.593688
1452 -8.42576 7.19425 0 0 0 -0.818114 0.575056
1453 -8.61191 6.91975 0 0 0 -0.850262 0.52636
1454 -8.7356 6.59748 0 0 0 -0.83466 0.550765
1455 -8.74817 6.56677 0 0 0 -0.828814 0.559524
1456 -8.86845 6.26608 0 0 0 -0.824896 0.565284
1457 -9.00819 5.91938 0 0 0 -0.830333 0.557267
1458 -9.04381 5.83323 0 0 0 -0.832028 0.554734
1459 -9.17565 5.51207 0 0 0 -0.824402 0.566005
1460 -9.30532 5.15976 0 0 0 -0.811841 0.583878
1461 -9.38391 5.03319 0 0 0 -0.839806 0.542886
1462 -9.53261 4.7101 0 0 0 -0.842415 0.538829
1463 -9.6846 4.36789 0 0 0 -0.824993 0.565143
1464 -9.80816 4.03653 0 0 0 -0.817503 0.575924
1465 -9.9234 3.7381 0 0 0 -0.832377 0.55421
1466 -9.89086 3.8196 0 0 0 -0.825479 0.564433
1467 -10.0047 3.54529 0 0 0 -0.828184 0.560457
1468 -10.1279 3.22375 0 0 0 -0.814697 0.579888
1469 -10.252 2.92428 0 0 0 -0.833083 0.553148
1470 -10.3135 2.77965 0 0 0 -0.837847 0.545905
1471 -10.4135 2.46164 0 0 0 -0.820471 0.571689
1472 -10.5336 2.12308 0 0 0 -0.80643 0.59133
1473 -10.585 1.95178 0 0 0 -0.798291 0.602273
1474 -10.6679 1.66801 0 0 0 -0.800397 0.59947
1475 -10.6431 1.41715 0 0 0 -0.211617 0.977353
1476 -10.2205 1.2243 0 0 0 -0.203501 0.979075
1477 -10.1705 1.20302 0 0 0 -0.205185 0.978723
1478 -9.8463 1.0473 0 0 0 -0.222361 0.974964
1479 -9.47174 0.865197 0 0 0 -0.239773 0.970829
1480 -9.19096 0.711002 0 0 0 -0.254617 0.967042
1481 -8.93109 0.55963 0 0 0 -0.241121 0.970495
1482 -8.62633 0.393333 0 0 0 -0.253002 0.967466
1483 -8.56429 0.356976 0 0 0 -0.24625 0.969206
1484 -8.27122 0.189505 0 0 0 -0.257351 0.966318
1485 -7.94476 -0.00579859 0 0 0 -0.269665 0.962954
1486 -7.9021 -0.204957 0 0 0 0.88853 -0.458819
1487 -8.08997 -0.496863 0 0 0 -0.856575 0.516023
1488 -8.12028 -0.61627 0 0 0 -0.836078 0.54861
1489 -8.26568 -0.932149 0 0 0 -0.844656 0.53531
1490 -8.42811 -1.24634 0 0 0 -0.859369 0.511356
1491 -8.59674 -1.55618 0 0 0 -0.860918 0.508744
1492 -8.51199 -1.46117 0 0 0 0.531712 0.846925
1493 -8.44495 -1.32491 0 0 0 0.519505 0.854468
1494 -8.30973 -1.00195 0 0 0 0.541045 0.840993
1495 -8.16578 -0.693202 0 0 0 0.539151 0.842209
1496 -8.0895 -0.531516 0 0 0 0.539169 0.842198
1497 -7.94918 -0.211383 0 0 0 0.562927 0.826506
1498 -7.82368 0.112779 0 0 0 0.570536 0.821272
1499 -7.68934 0.438182 0 0 0 0.526473 0.850192
1500 -7.54861 0.728145 0 0 0 0.540158 0.841564
1501 -7.39305 1.07339 0 0 0 0.554108 0.832445
1502 -7.2356 1.42378 0 0 0 0.539156 0.842206
1503 -6.98585 1.37197 0 0 0 -0.235629 0.971843
1504 -6.68583 1.18719 0 0 0 -0.265171 0.964201
1505 -6.40662 1.01491 0 0 0 -0.266567 0.963816
1506 -6.12739 0.837605 0 0 0 -0.258473 0.966019
1507 -6.06782 0.802395 0 0 0 -0.260801 0.965393
1508 -5.76951 0.620817 0 0 0 -0.288649 0.957435
1509 -5.92052 0.333296 0 0 0 -0.846285 0.532731
1510 -6.05426 0.0404512 0 0 0 -0.824778 0.565457
1511 -6.18843 -0.321095 0 0 0 -0.819612 0.572919
1512 -6.20926 -0.374012 0 0 0 -0.821896 0.569638
1513 -6.32918 -0.684216 0 0 0 -0.829726 0.558171
1514 -6.3012 -0.907846 0 0 0 -0.626333 0.779555
1515 -6.22019 -1.2616 0 0 0 -0.625838 0.779953
1516 -6.15415 -1.57903 0 0 0 -0.627835 0.778347
1517 -6.24069 -1.90039 0 0 0 -0.826564 0.562842
1518 -6.26637 -1.97227 0 0 0 -0.821067 0.570832
1519 -6.3676 -2.25044 0 0 0 -0.823334 0.567557
1520 -6.48586 -2.54787 0 0 0 -0.830366 0.557219
1521 -6.54137 -2.67905 0 0 0 -0.829011 0.559233
1522 -6.52056 -2.83648 0 0 0 -0.391397 0.920222
1523 -6.26494 -3.02134 0 0 0 -0.313263 0.949666
1524 -6.00022 -3.22443 0 0 0 -0.337737 0.941241
1525 -5.74721 -3.43591 0 0 0 -0.315859 0.948806
1526 -5.55733 -3.71366 0 0 0 -0.559482 0.828842
1527 -5.4598 -4.02079 0 0 0 -0.556276 0.830998
1528 -5.49172 -4.02886 0 0 0 0.884429 0.466674
1529 -5.75161 -3.75788 0 0 0 0.893372 0.449318
1530 -5.86668 -3.55545 0 0 0 0.893983 0.4481
1531 -6.0563 -3.289 0 0 0 0.886778 0.462195
1532 -6.27005 -2.97744 0 0 0 0.894673 0.446721
1533 -6.5084 -2.64288 0 0 0 0.881883 0.471468
1534 -6.47775 -2.51562 0 0 0 0.617738 0.786384
1535 -6.38995 -2.15608 0 0 0 0.612557 0.790426
1536 -6.29118 -1.81144 0 0 0 0.599674 0.800245
1537 -6.19913 -1.49947 0 0 0 0.603635 0.797261
1538 -6.17621 -1.42031 0 0 0 0.599612 0.800291
1539 -6.07509 -1.11379 0 0 0 0.587787 0.809016
1540 -5.84351 -1.0044 0 0 0 -0.263538 0.964649
1541 -5.54298 -1.17829 0 0 0 -0.271065 0.962561
1542 -5.26146 -1.35676 0 0 0 -0.293612 0.955925
1543 -5.02196 -1.52725 0 0 0 -0.300086 0.953912
1544 -4.67509 -1.82708 0 0 0 -0.343604 0.939115
1545 -4.7558 -1.76321 0 0 0 -0.334869 0.942265
1546 -4.48929 -1.7398 0 0 0 -0.0420413 0.999116
1547 -4.13752 -1.9733 0 0 0 -0.262674 0.964885
1548 -3.84706 -2.14384 0 0 0 -0.261487 0.965207
1549 -3.54439 -2.32996 0 0 0 -0.266711 0.963776
1550 -3.22279 -2.52853 0 0 0 -0.278079 0.960558
1551 -2.9932 -2.68001 0 0 0 -0.287789 0.957694
1552 -2.84171 -2.77913 0 0 0 -0.285622 0.958342
1553 -2.56891 -2.96255 0 0 0 -0.291055 0.956706
1554 -2.2857 -3.03028 0 0 0 -0.140697 0.990053
1555 -1.94494 -3.13588 0 0 0 -0.159714 0.987163
1556 -1.66151 -3.29192 0 0 0 -0.216698 0.976239
1557 -1.37344 -3.43523 0 0 0 -0.22706 0.973881
1558 -1.05107 -3.59963 0 0 0 -0.239964 0.970782
1559 -0.6948 -3.84318 0 0 0 -0.343837 0.939029
1560 -0.381406 -4.07641 0 0 0 -0.300745 0.953705
1561 -0.0634734 -4.27851 0 0 0 -0.217056 0.976159
1562 0.279427 -4.33109 0 0 0 -0.157693 0.987488
1563 0.62008 -4.4391 0 0 0 -0.156074 0.987745
1564 0.916251 -4.58837 0 0 0 -0.192045 0.981386
1565 1.29426 -4.74819 0 0 0 -0.194759 0.980851
1566 1.24309 -4.7261 0 0 0 -0.193972 0.981007
1567 1.3311 -4.76206 0 0 0 -0.190192 0.981747
1568 1.70091 -4.90818 0 0 0 -0.179633 0.983734
1569 2.05071 -5.0445 0 0 0 -0.173398 0.984852
1570 2.41519 -5.18168 0 0 0 -0.174476 0.984661
1571 2.54875 -5.42397 0 0 0 -0.710951 0.703241
1572 2.5476 -5.75989 0 0 0 -0.711928 0.702252
1573 2.50472 -6.08839 0 0 0 0.898804 -0.438351
1574 2.28166 -6.36024 0 0 0 0.90337 -0.428862
1575 2.05612 -6.65252 0 0 0 0.878823 -0.477148
1576 1.85542 -6.96831 0 0 0 0.871531 -0.490341
1577 1.68436 -7.2433 0 0 0 0.881234 -0.472681
1578 1.51562 -7.51011 0 0 0 0.877733 -0.47915
1579 1.65124 -7.13265 0 0 0 0.586429 0.81
1580 1.77943 -6.78335 0 0 0 0.579083 0.815268
1581 1.9669 -6.4443 0 0 0 0.445956 0.895055
1582 2.14012 -6.28252 0 0 0 0.407609 0.913157
1583 2.37837 -6.01807 0 0 0 0.410574 0.911827
1584 2.60278 -5.77842 0 0 0 0.396747 0.917928
1585 2.87644 -5.50562 0 0 0 0.377693 0.925931
1586 3.12308 -5.25976 0 0 0 0.376301 0.926497
1587 3.31911 -5.29978 0 0 0 -0.276179 0.961106
1588 3.56323 -5.46171 0 0 0 -0.304815 0.952412
1589 3.83004 -5.67038 0 0 0 -0.299398 0.954128
1590 4.0296 -5.81846 0 0 0 -0.294558 0.955634
1591 4.29606 -5.99757 0 0 0 -0.304225 0.9526
1592 4.17861 -6.18578 0 0 0 -0.85946 0.511204
1593 4.01255 -6.50152 0 0 0 -0.849675 0.527307
1594 3.87022 -6.81417 0 0 0 -0.836052 0.548651
1595 3.736 -7.12573 0 0 0 -0.840339 0.542061
1596 3.70199 -7.20812 0 0 0 -0.842016 0.539453
1597 3.53713 -7.55135 0 0 0 -0.84619 0.532881
1598 3.37206 -7.86644 0 0 0 -0.842449 0.538776
1599 3.53819 -7.52931 0 0 0 -0.844983 0.534793
1600 3.17792 -8.20307 0 0 0 -0.853527 0.521048
1601 3.02406 -8.52575 0 0 0 -0.841847 0.539716
1602 2.88355 -8.86873 0 0 0 -0.82479 0.565439
1603 2.74965 -9.19758 0 0 0 -0.831018 0.556245
1604 2.6668 -9.41051 0 0 0 -0.828999 0.55925
1605 2.47856 -9.47931 0 0 0 0.996864 0.0791345
1606 2.14777 -9.43496 0 0 0 0.999059 0.0433635
1607 1.78284 -9.37875 0 0 0 0.995273 0.0971215
1608 2.32979 -9.45546 0 0 0 0.998355 0.0573338
1609 1.59 -9.33905 0 0 0 0.995926 0.0901771
1610 1.48792 -9.31978 0 0 0 0.995658 0.0930917
1611 1.13682 -9.24693 0 0 0 0.995904 0.0904119
1612 0.789472 -9.19989 0 0 0 0.998412 0.0563299
1613 0.413473 -9.16237 0 0 0 0.999622 0.0274792
1614 0.0505145 -9.11406 0 0 0 0.996087 0.0883805
1615 -0.193174 -9.06007 0 0 0 0.992433 0.122791
1616 -0.438271 -8.99488 0 0 0 0.990759 0.135635
1617 -0.64411 -8.93308 0 0 0 0.989627 0.143662
1618 -0.984044 -8.826 0 0 0 0.985253 0.171107
1619 -1.31086 -8.6189 0 0 0 0.972733 0.231929
1620 -1.58358 -8.47362 0 0 0 0.970571 0.240816
1621 -1.8973 -8.30863 0 0 0 0.97275 0.231855
1622 -2.21843 -8.15272 0 0 0 0.977499 0.21094
1623 -2.52248 -8.01253 0 0 0 0.97812 0.208041
1624 -2.9007 -7.83639 0 0 0 0.978356 0.206927
1625 -3.07042 -7.76317 0 0 0 0.980543 0.196306
1626 -3.3605 -7.64536 0 0 0 0.984626 0.174678
1627 -3.68568 -7.52477 0 0 0 0.984479 0.175504
1628 -3.67601 -7.49793 0 0 0 -0.162033 0.986785
1629 -3.32198 -7.62593 0 0 0 -0.176089 0.984374
1630 -2.99775 -7.74824 0 0 0 -0.168177 0.985757
1631 -2.65885 -7.86438 0 0 0 -0.158485 0.987361
1632 -2.31872 -7.98106 0 0 0 -0.175577 0.984466
1633 -1.98675 -8.10794 0 0 0 -0.192144 0.981367
1634 -1.765 -8.19598 0 0 0 -0.191091 0.981572
1635 -1.46308 -8.32487 0 0 0 -0.189797 0.981823
1636 -1.1329 -8.46768 0 0 0 -0.207404 0.978255
1637 -0.83594 -8.60437 0 0 0 -0.230034 0.973183
1638 -0.623839 -8.71339 0 0 0 -0.244151 0.969737
1639 -0.331773 -8.87271 0 0 0 -0.240169 0.970731
1640 -0.0405267 -9.03074 0 0 0 -0.250202 0.968194
1641 0.244914 -9.20152 0 0 0 -0.264787 0.964307
1642 0.516227 -9.35848 0 0 0 -0.263936 0.96454
1643 0.810164 -9.53853 0 0 0 -0.26554 0.9641
1644 1.08597 -9.70771 0 0 0 -0.287246 0.957857
1645 1.19225 -9.77108 0 0 0 -0.286704 0.958019
1646 1.46554 -9.94545 0 0 0 -0.28531 0.958435
1647 1.7421 -10.116 0 0 0 -0.273685 0.961819
1648 1.98492 -9.96027 0 0 0 0.475975 0.879459
1649 2.05052 -9.85607 0 0 0 0.46046 0.887681
1650 2.23129 -9.59631 0 0 0 0.47232 0.881427
1651 2.44246 -9.25795 0 0 0 0.496218 0.868198
1652 2.6026 -8.97457 0 0 0 0.508911 0.860819
1653 2.76302 -8.6666 0 0 0 0.493758 0.869599
1654 2.9393 -8.36555 0 0 0 0.49694 0.867785
1655 3.09206 -8.0785 0 0 0 0.522415 0.852691
1656 3.25983 -7.76107 0 0 0 0.516908 0.856041
1657 3.43671 -7.4458 0 0 0 0.501235 0.865311
1658 3.61692 -7.12428 0 0 0 0.507084 0.861896
1659 3.79003 -6.83143 0 0 0 0.501048 0.865419
1660 3.97279 -6.53405 0 0 0 0.496498 0.868038
1661 4.14117 -6.18796 0 0 0 0.524454 0.851439
1662 4.06483 -6.01781 0 0 0 0.98498 0.172671
1663 3.65001 -5.83824 0 0 0 0.982897 0.184158
1664 3.53238 -5.76259 0 0 0 0.971913 0.235339
1665 3.18707 -5.61542 0 0 0 0.976593 0.215094
1666 2.84696 -5.45309 0 0 0 0.978328 0.207063
1667 2.55586 -5.32033 0 0 0 0.980608 0.19598
1668 2.45381 -5.27706 0 0 0 0.982185 0.187915
1669 1.58805 -4.84019 0 0 0 0.964684 0.263408
1670 2.19398 -5.16178 0 0 0 0.987311 0.1588
1671 1.91021 -5.01185 0 0 0 0.967136 0.254261
1672 1.47784 -4.76263 0 0 0 0.968275 0.249885
1673 1.39431 -4.71578 0 0 0 0.967683 0.25217
1674 1.14111 -4.56865 0 0 0 0.970344 0.241727
1675 0.788483 -4.44195 0 0 0 0.990307 0.138896
1676 0.463059 -4.33949 0 0 0 0.987126 0.159945
1677 0.144525 -4.19377 0 0 0 0.974102 0.226111
1678 -0.16578 -4.04385 0 0 0 0.976582 0.215144
1679 -0.47621 -3.90144 0 0 0 0.979478 0.201551
1680 -0.782967 -3.80069 0 0 0 0.981708 0.190394
1681 -1.0774 -3.68332 0 0 0 0.984353 0.176206
1682 -1.40207 -3.56148 0 0 0 0.98569 0.168568
1683 -1.69909 -3.46239 0 0 0 0.99062 0.136646
1684 -2.04439 -3.30893 0 0 0 0.973721 0.227744
1685 -2.32883 -3.10804 0 0 0 0.963322 0.268349
1686 -2.67359 -2.89753 0 0 0 0.964748 0.263175
1687 -2.94787 -2.73319 0 0 0 0.966481 0.256738
1688 -3.22367 -2.58057 0 0 0 0.972925 0.231122
1689 -3.52713 -2.42797 0 0 0 0.968984 0.247124
1690 -3.61544 -2.38609 0 0 0 0.962191 0.272377
1691 -3.87493 -2.22401 0 0 0 0.960826 0.277151
1692 -4.17382 -2.03933 0 0 0 0.965321 0.261067
1693 -4.4543 -1.88231 0 0 0 0.969896 0.243518
1694 -4.71512 -1.74751 0 0 0 0.973019 0.230725
1695 -5.05386 -1.56813 0 0 0 0.969342 0.245714
1696 -5.83986 -1.141 0 0 0 0.961861 0.27354
1697 -5.24287 -1.44512 0 0 0 0.97361 0.22822
1698 -5.55433 -1.29736 0 0 0 0.979244 0.202687
1699 -6.02008 -1.01144 0 0 0 0.964548 0.263907
1700 -5.72202 -1.17763 0 0 0 0.964681 0.263419
1701 -6.07392 -0.959542 0 0 0 0.96524 0.261364
1702 -6.2028 -0.885473 0 0 0 0.965493 0.26043
1703 -6.50073 -0.711091 0 0 0 0.968498 0.24902
1704 -6.80812 -0.550142 0 0 0 0.976148 0.217108
1705 -7.10191 -0.417823 0 0 0 0.978641 0.205575
1706 -7.42207 -0.284241 0 0 0 0.983864 0.17892
1707 -7.74509 -0.148061 0 0 0 0.972425 0.233215
1708 -8.03803 0.0938062 0 0 0 0.956786 0.290793
1709 -8.33322 0.291856 0 0 0 0.959789 0.280722
1710 -8.40871 0.337523 0 0 0 0.963989 0.265944
1711 -8.78624 0.485672 0 0 0 0.98571 0.16845
1712 -9.00414 0.566146 0 0 0 0.979972 0.199136
1713 -9.26063 0.67154 0 0 0 0.981918 0.189309
1714 -9.45198 0.746455 0 0 0 0.984311 0.17644
1715 -9.75823 0.864228 0 0 0 0.986456 0.164026
1716 -9.66861 0.833281 0 0 0 0.986244 0.165299
1717 -9.93517 0.96925 0 0 0 0.977372 0.211526
1718 -10.2955 1.12955 0 0 0 0.982092 0.188404
1719 -10.6233 1.25937 0 0 0 0.984017 0.178073
1720 -10.9208 1.36551 0 0 0 0.98933 0.14569
1721 -11.0176 1.39301 0 0 0 0.990631 0.136564
1722 -10.8295 1.73588 0 0 0 0.52307 0.85229
1723 -10.6802 2.01841 0 0 0 0.518506 0.855074
1724 -10.6084 2.15983 0 0 0 0.515876 0.856663
1725 -10.4797 2.40279 0 0 0 0.518085 0.855329
1726 -10.6551 2.04975 0 0 0 0.518506 0.855074
1727 -10.3803 2.5721 0 0 0 0.514348 0.857581
